Indiv_id	Groundtrth	Size_id	Community_	Grass_heig	Andropog_c	Tree_densi	Geol_id	Xval	Yval	Fire5698	Altitude	Slope	Aspect	Rsp	Trmi	Twi
3	1	2	BG	tall grass	andropogonoid		2	72134.770499	-3126460.708038	7	240	4	89	15	41	0.23
4	2	1	BG	patchy	andropogonoid		2	72160.334947	-3126498.914734	7	234	7	90	15	41	0.19
5	3	1	patchy	short grass	unclear		2	72172.193814	-3126540.011125	7	234	7	89	15	40	0.19
6	4	1	BG	patchy	andropogonoid		0	72185.635517	-3126580.522456	7	235	7	88	15	40	0.18
7	5	2	BG	short grass	andropogonoid		0	72202.203199	-3126626.403962	7	228	8	85	15	42	-0.03
8	6	2	BG	short grass	andropogonoid		0	72217.227604	-3126666.330376	7	228	8	85	15	42	-0.03
9	7	1	patchy	short grass	unclear		0	72247.438793	-3126719.429501	7	221	7	73	15	31	1.06
10	8	1	LG	short grass	unclear		0	72271.924121	-3126761.791895	7	224	7	71	5	23	-1.9
11	9	1	patchy	short grass	unclear		0	72295.933512	-3126795.827592	7	226	6	80	15	31	0.37
12	10	1	patchy	patchy	unclear		0	72295.1719	-3126834.469092	7	226	6	91	15	33	-0.15
13	11	1	patchy	tall grass	unclear		0	72312.784387	-3126881.546208	7	220	6	92	15	33	-0.21
14	12	1	BG	tall grass	panicoid		0	72311.474581	-3126923.751663	7	220	6	92	15	33	-0.21
15	13	2	BG	tall grass	panicoid		0	72301.208441	-3126967.091757	7	220	5	102	15	35	-0.91
16	14	2	BG	tall grass	andropogonoid	2	0	72285.209694	-3127000.884046	7	221	5	141	15	41	0.11
17	15	2	BG	tall grass	andropogonoid	3	0	72270.260245	-3127035.277216	7	217	6	153	15	40	-1.14
18	16	2	BG	tall grass	andropogonoid	2	0	72253.183533	-3127073.224971	7	217	6	153	15	40	-1.14
19	17	2	BG	tall grass	andropogonoid	2	0	72245.01252	-3127118.361395	9	213	7	167	15	41	-1.14
20	18	2	BG	tall grass	panicoid	2	0	72247.391425	-3127159.994832	8	205	7	159	5	30	-1.91
21	19	2	BG	tall grass	andropogonoid	3	0	72253.505808	-3127193.327142	7	199	7	164	5	31	-1.85
22	20	2	BG	tall grass	andropogonoid	2	0	72263.297752	-3127227.870897	7	192	7	171	15	43	-1.06
23	21	2	BG	tall grass	andropogonoid	2	0	72253.05734	-3127267.04932	7	192	7	171	15	43	-1.06
24	22	2	BG	tall grass	andropogonoid	2	0	72263.880312	-3127305.166645	7	187	5	175	15	44	-0.07
25	23	2	BG	tall grass	panicoid	3	2	72262.065991	-3127343.801762	7	183	3	176	10	39	-1.03
26	24	1	BG	tall grass	panicoid	3	2	72253.97466	-3127375.858576	7	180	1	165	10	38	-0.49
27	25	1	patchy	patchy	unclear	3	2	72263.203867	-3127416.344552	7	180	1	165	10	38	-0.49
28	26	1	patchy	patchy	unclear	2	2	72245.092973	-3127451.313101	7	179	1	68	20	37	8.86
29	27	1	BG	tall grass	panicoid	4	2	72273.308513	-3127485.969001	7	179	1	17	15	26	3.65
30	28	2	BG	patchy	panicoid	0	2	72266.327912	-3127508.519648	6	179	1	17	15	26	3.65
31	29	2	BG	tall grass	unclear	2	2	72271.363904	-3127546.007302	6	181	4	17	15	25	2.01
32	30	1	patchy	patchy	unclear	2	2	72283.206755	-3127589.482034	6	186	6	22	15	25	1.01
33	31	1	LG	patchy	unclear	0	2	72309.435757	-3127604.505617	6	185	4	11	15	27	0.44
34	32	1	BG	patchy	chlorodoid	2	2	72343.430133	-3127640.980549	6	189	5	27	15	27	-0.19
35	33	2	BG	patchy	unclear	2	2	72347.939431	-3127678.465041	6	190	4	48	15	29	-0.69
36	34	2	BG	patchy	panicoid	2	2	72356.634414	-3127720.136925	6	190	4	48	15	29	-0.69
37	35	2	BG	patchy	panicoid	2	2	72355.977627	-3127741.537012	6	192	3	65	5	21	-1.3
38	36	2	BG	tall grass	unclear	2	2	72364.650794	-3127786.776068	6	193	3	79	15	35	1.16
39	37	2	BG	tall grass	panicoid	3	2	72380.671454	-3127835.627335	6	193	3	83	15	38	1.58
40	38	1	patchy	patchy	unclear	3	2	72383.634021	-3127867.751484	6	193	3	83	15	38	1.58
41	39	1	LG	short grass	unclear	4	2	72382.890201	-3127903.42033	6	194	3	80	15	39	1.37
42	40	2	LG	short grass	unclear	2	2	72380.00102	-3127945.616209	6	194	4	76	15	37	2.18
43	41	1	patchy	short grass	unclear	3	2	72392.441891	-3127977.203465	6	195	4	81	15	36	-0.65
44	42	1	BG	patchy	panicoid	0	2	72401.434455	-3128056.334372	6	191	5	93	15	37	1.31
45	43	2	BG	tall grass	unclear	0	2	72431.230778	-3128090.405783	6	191	5	95	15	39	1.1
46	44	1	patchy	patchy	unclear	2	2	72444.186835	-3128123.780009	6	191	5	95	15	39	1.1
47	45	2	BG	tall grass	panicoid	2	0	72471.343784	-3128159.024596	6	186	4	88	15	33	0.65
48	46	2	BG	short grass	panicoid	4	0	72454.224379	-3128204.106424	6	186	3	72	15	39	2.8
49	47	2	BG	short grass	panicoid	4	0	72450.859402	-3128237.975639	6	188	3	51	15	39	1.36
50	48	2	BG	patchy	panicoid	2	0	72455.879929	-3128277.841573	6	190	2	34	15	38	8.02
51	49	2	BG	patchy	panicoid	2	0	72534.793907	-3128284.863567	6	189	2	359	20	40	3.31
52	50	2	BG	patchy	panicoid	4	0	72548.17772	-3128334.293492	6	192	2	320	20	44	7.14
53	51	2	BG	short grass	panicoid	4	0	72554.399539	-3128349.789997	6	192	2	320	20	44	7.14
55	52	2	BG	short grass	panicoid	3	0	72702.6209	-3128385.181129	6	199	1	243	15	38	0.96
56	53	2	BG	patchy	panicoid	2	0	72739.850043	-3128408.5969	6	199	1	243	15	38	0.96
57	54	2	BG	tall grass	panicoid	3	0	72764.204444	-3128385.558406	6	200	2	224	15	42	0.69
58	55	2	BG	tall grass	panicoid	4	0	72806.84285	-3128385.225186	6	202	2	215	15	41	0.4
59	56	2	BG	tall grass	panicoid	4	0	72828.244702	-3128414.489808	6	202	2	215	15	41	0.4
60	57	2	BG	patchy	panicoid	0	0	72851.751856	-3128443.767284	6	200	3	217	15	39	1.78
61	58	2	BG	tall grass	andropogonoid	3	0	72875.277146	-3128470.072209	6	200	3	217	15	39	1.78
62	59	2	BG	tall grass	andropogonoid	2	0	72885.709269	-3128485.594757	6	199	1	229	15	39	3.52
63	60	2	BG	tall grass	unclear	2	0	72900.249948	-3128517.790214	7	201	4	250	15	36	1.65
64	61	2	BG	tall grass	andropogonoid	2	0	72912.608462	-3128562.457841	7	200	3	264	15	34	1.52
65	62	2	BG	tall grass	andropogonoid	2	0	72918.160916	-3128601.138238	7	200	3	267	15	36	1.35
66	63	2	BG	tall grass	andropogonoid	2	0	72916.878164	-3128638.587467	7	200	3	268	15	36	1.42
67	64	2	BG	tall grass	andropogonoid	4	0	72922.456112	-3128673.106139	7	200	3	268	15	36	1.42
68	65	1	BG	tall grass	andropogonoid	2	0	72940.680837	-3128705.32419	7	200	3	269	15	36	1.45
69	66	2	BG	tall grass	andropogonoid	4	4	72948.831925	-3128749.371539	7	204	5	269	15	36	0.69
70	67	1	BG	patchy	panicoid	2	4	72949.153656	-3128782.668748	7	204	5	270	15	34	0.69
71	68	1	patchy	patchy	unclear	2	4	72953.119543	-3128822.52849	7	204	5	270	15	34	0.69
72	69	1	BG	patchy	unclear	2	4	72945.476828	-3128867.073351	7	200	3	283	15	32	1.07
73	70	2	BG	tall grass	unclear	2	4	72949.713249	-3128948.553891	6	207	5	299	15	37	2.24
74	71	1	BG	tall grass	unclear	2	4	72948.675199	-3128946.16927	6	207	5	299	15	37	2.24
75	72	1	LG	tall grass	unclear	2	4	72953.134461	-3128991.383011	7	210	4	309	15	39	-0.78
76	73	1	BG	patchy	unclear	2	4	72952.926173	-3129025.271561	7	212	3	307	15	39	0.94
77	74	2	BG	tall grass	unclear	2	4	72957.432881	-3129062.756405	6	212	3	307	15	39	0.94
78	75	2	BG	tall grass	unclear	2	4	72977.250468	-3129092.606213	6	213	2	301	15	36	2.95
80	76	1	patchy	tall grass	unclear	2	4	72727.435886	-3129231.98299	13	218	1	70	15	32	2.33
81	77	2	BG	tall grass	andropogonoid	2	4	72705.541787	-3129197.364513	13	217	2	79	15	33	2.78
82	78	2	BG	tall grass	andropogonoid	2	4	72685.208322	-3129165.728468	13	220	4	86	15	35	1.37
83	79	2	BG	tall grass	andropogonoid	2	4	72661.194134	-3129133.475223	13	220	4	86	15	35	1.37
84	80	2	BG	tall grass	andropogonoid	2	4	72639.800504	-3129103.021836	13	224	4	80	15	32	0.78
85	81	2	BG	tall grass	andropogonoid	2	4	72619.477612	-3129069.602331	13	223	3	75	15	35	-0.51
86	82	2	BG	tall grass	andropogonoid	2	4	72597.031106	-3129039.142476	13	223	3	75	15	35	-0.51
87	83	1	BG	tall grass	andropogonoid	2	4	72581.448556	-3129005.15746	13	225	3	57	15	33	0.56
88	84	1	LG	short grass	unclear	2	4	72569.045701	-3128967.624502	13	223	3	60	15	38	0.3
89	85	2	LG	short grass	unclear	2	0	72545.568014	-3128933.591151	13	225	2	38	5	19	-0.89
90	86	2	LG	short grass	unclear	2	0	72530.446116	-3128910.311041	13	224	1	27	5	21	-0.61
91	87	2	LG	short grass	unclear	2	0	72501.193056	-3128873.864362	13	222	2	8	5	15	-0.54
92	88	2	LG	short grass	unclear	2	0	72479.816699	-3128840.438581	13	222	2	338	5	17	-0.95
93	89	2	LG	short grass	unclear	2	0	72456.371157	-3128801.054674	13	220	4	339	5	16	-1.33
94	90	1	LG	short grass	unclear	2	0	72440.824156	-3128761.124445	13	213	5	335	15	26	-1
95	91	1	patchy	short grass	unclear	2	0	72430.457013	-3128734.900682	13	213	5	335	15	26	-1
96	92	1	patchy	short grass	unclear	2	0	72411.719139	-3128700.302083	13	208	5	336	5	18	-1.65
97	93	2	BG	short grass	chlorodoid	2	0	72389.77235	-3128674.007713	13	202	4	332	10	22	-1.36
98	94	2	BG	tall grass	unclear	2	0	72361.483985	-3128651.836602	13	202	4	332	10	22	-1.36
100	95	2	BG	patchy	panicoid	3	0	72296.091672	-3128499.231718	13	196	1	88	20	39	9.08
101	96	2	BG	tall grass	panicoid	3	0	72299.863015	-3128484.985286	13	196	1	88	20	39	9.08
102	97	2	BG	tall grass	panicoid	4	2	72286.586968	-3128417.7195	13	200	3	97	15	34	1.21
103	98	2	BG	tall grass	andropogonoid	2	2	72264.131105	-3128388.449584	11	200	3	97	15	34	1.21
104	99	2	BG	tall grass	andropogonoid	2	2	72241.14516	-3128359.770963	11	205	5	102	15	35	-0.85
105	100	2	BG	tall grass	andropogonoid	2	2	72230.305091	-3128324.626185	11	205	5	102	15	35	-0.85
106	101	2	BG	tall grass	andropogonoid	2	2	72212.124871	-3128284.680295	11	206	6	99	15	34	0.11
107	102	1	BG	tall grass	unclear	2	2	72199.676643	-3128254.282235	11	207	7	98	15	35	-0.38
108	103	1	LG	short grass	unclear	2	2	72179.34376	-3128222.052485	11	214	6	97	15	41	-0.31
109	104	1	BG	patchy	unclear	2	2	72157.943591	-3128192.194628	11	214	6	97	15	41	-0.31
110	105	2	BG	patchy	andropogonoid	3	2	72146.573134	-3128157.641307	11	215	6	95	15	33	-0.18
111	106	2	BG	tall grass	andropogonoid	3	2	72132.563559	-3128124.261023	12	220	3	75	5	22	-1.14
112	107	2	BG	tall grass	andropogonoid	3	2	72116.437597	-3128092.651548	12	220	3	75	5	22	-1.14
113	108	2	BG	tall grass	andropogonoid	3	2	72105.585066	-3128058.101423	12	218	3	70	15	41	-0.5
114	109	2	BG	tall grass	andropogonoid	3	2	72090.57043	-3128018.174985	12	220	2	84	15	42	0.09
115	110	2	BG	patchy	andropogonoid	2	2	72080.277609	-3127979.466302	12	220	2	84	15	42	0.09
116	111	2	BG	short grass	andropogonoid	2	2	72074.707648	-3127943.164648	12	220	2	84	15	42	-0.07
117	112	2	BG	short grass	andropogonoid	2	2	72059.648448	-3127909.183514	12	220	3	73	5	22	-1
118	113	2	BG	tall grass	andropogonoid	2	2	72038.265433	-3127876.353197	12	221	1	61	5	21	-0.31
119	114	1	BG	tall grass	andropogonoid	2	2	72025.881211	-3127835.253766	12	220	1	64	5	32	-0.55
120	115	1	LG	short grass	unclear	2	2	72015.606025	-3127793.57256	12	220	2	60	5	21	-0.81
121	116	1	LG	short grass	unclear	2	2	71999.576603	-3127745.910837	12	218	3	32	5	17	-1.31
122	117	1	BG	short grass	chlorodoid	2	2	71991.352716	-3127713.160438	12	215	5	343	5	15	-1.51
123	118	2	BG	short grass	chlorodoid	2	2	71983.146795	-3127677.437341	12	215	5	343	5	15	-1.51
124	119	2	BG	patchy	chlorodoid	2	2	71973.855619	-3127647.058718	12	210	5	351	5	18	-1.43
125	120	2	BG	tall grass	andropogonoid	2	2	71981.398006	-3127618.565799	12	205	5	1	15	24	-0.67
126	121	2	BG	tall grass	andropogonoid	2	2	71985.810932	-3127585.297339	12	205	5	1	15	24	-0.67
127	122	2	BG	tall grass	andropogonoid	2	2	71993.894189	-3127554.429478	12	200	5	8	15	27	-0.13
128	123	2	BG	tall grass	andropogonoid	2	2	71989.369307	-3127519.323293	12	195	5	18	15	30	0.25
129	124	2	BG	tall grass	andropogonoid	2	2	72005.3269	-3127492.070477	12	193	6	28	10	21	-1.8
130	125	2	BG	tall grass	andropogonoid	2	2	72019.74143	-3127458.862803	12	189	5	40	15	28	0.46
131	126	1	BG	patchy	panicoid	4	2	72020.457897	-3127426.166523	12	189	5	40	15	28	0.46
132	127	1	patchy	short grass	unclear	4	2	72015.404033	-3127392.84077	12	186	3	68	20	43	7.51
133	128	1	LG	short grass	unclear	2	2	72020.332693	-3127361.359211	12	187	3	122	15	44	5.78
134	129	1	BG	short grass	panicoid	4	2	72026.865828	-3127325.725515	13	187	3	122	15	44	5.78
135	130	2	BG	short grass	panicoid	4	2	72028.142166	-3127288.870874	13	189	4	156	15	41	1.84
136	131	2	BG	tall grass	panicoid	4	0	72021.129437	-3127229.967312	13	194	6	170	15	41	1.03
137	132	1	patchy	tall grass	unclear	2	0	72015.544444	-3127196.043874	13	200	7	178	15	45	0.85
138	133	2	BG	tall grass	andropogonoid	3	0	72016.856796	-3127153.243831	13	207	7	181	15	44	0.59
139	134	2	BG	tall grass	andropogonoid	3	0	72007.020819	-3127125.834611	13	207	7	181	15	44	0.59
140	135	2	BG	tall grass	andropogonoid	3	0	72004.11104	-3127084.792724	13	214	7	182	15	45	0.35
141	136	2	BG	tall grass	andropogonoid	3	0	71992.129682	-3127063.910612	13	220	7	189	15	41	-1.08
142	137	2	BG	tall grass	andropogonoid	3	0	72002.784077	-3127043.165742	13	220	7	182	15	42	0.1
143	138	2	BG	tall grass	unclear	3	0	72003.508707	-3127010.46964	13	227	6	185	15	42	-0.26
144	139	2	BG	patchy	andropogonoid	2	0	72011.080362	-3126977.220473	13	227	6	185	15	42	-0.26
145	140	2	BG	tall grass	andropogonoid	2	0	72006.003596	-3126946.272838	13	232	5	191	15	42	-0.87
146	141	1	BG	patchy	andropogonoid	2	0	71997.81153	-3126908.171638	13	237	4	197	5	32	-1.38
147	142	1	patchy	patchy	unclear	2	0	71991.905249	-3126840.356517	13	238	4	225	15	39	-0.75
148	143	1	LG	short grass	unclear	2	0	71977.753064	-3126830.163352	13	238	4	225	15	39	-0.75
149	144	2	LG	short grass	unclear	2	0	71977.381539	-3126804.595297	13	240	2	227	15	39	-0.39
150	145	1	LG	short grass	unclear	2	0	71971.294972	-3126766.506888	13	241	1	217	5	38	-0.52
151	146	1	patchy	patchy	unclear	2	0	71962.612245	-3126722.457243	13	242	0	200	5	32	0.23
152	147	2	BG	tall grass	andropogonoid	2	0	71946.05819	-3126674.197943	13	242	0	186	15	49	2.12
153	148	2	BG	patchy	andropogonoid	2	2	71925.764977	-3126634.834459	13	242	1	211	5	31	-0.05
154	149	1	patchy	short grass	unclear	2	2	71905.356484	-3126614.496127	13	243	0	202	5	37	0.62
155	150	2	BG	tall grass	andropogonoid	2	2	71877.66058	-3126580.438846	13	243	1	221	15	48	1.59
156	151	1	patchy	patchy	unclear	2	2	71857.85026	-3126548.213093	13	243	0	213	5	39	0.43
157	152	1	LG	tall grass	unclear	2	2	71848.060116	-3126513.075178	13	243	0	190	5	38	0.76
158	153	1	patchy	tall grass	unclear	2	2	71838.817911	-3126474.373195	14	244	0	178	15	50	1.37
159	154	1	patchy	tall grass	unclear	2	2	71831.717357	-3126429.738667	14	244	0	178	15	50	1.37
161	155	1	patchy	tall grass	unclear	2	2	72558.581399	-3124992.954523	6	170	4	20	5	19	-1.31
162	156	2	BG	tall grass	andropogonoid	2	2	72547.292579	-3125030.937084	6	174	4	23	15	29	0.06
163	157	2	BG	tall grass	andropogonoid	2	2	72516.588529	-3125058.099211	6	175	4	19	5	16	-1.31
164	158	2	BG	tall grass	andropogonoid	4	2	72492.718264	-3125087.086851	5	180	3	19	5	16	-1.11
165	159	2	BG	tall grass	unclear	4	2	72460.42775	-3125115.428497	5	180	3	19	5	16	-1.11
166	160	2	BG	tall grass	andropogonoid	2	2	72444.923734	-3125153.980032	10	183	2	8	15	28	1.24
167	161	2	BG	short grass	andropogonoid	2	2	72427.292098	-3125196.08601	10	185	3	4	15	24	0.91
168	162	2	BG	patchy	andropogonoid	2	2	72419.67121	-3125237.06374	10	188	3	356	15	24	0.4
169	163	1	BG	tall grass	unclear	2	2	72417.838174	-3125278.671443	10	192	3	347	15	25	-0.5
170	164	1	patchy	patchy	unclear	2	2	72404.916241	-3125325.562496	9	195	4	338	5	19	-1.32
171	165	1	patchy	tall grass	unclear	2	2	72389.921051	-3125367.09001	12	193	4	317	15	31	-0.78
172	166	1	BG	tall grass	andropogonoid	2	2	72397.597471	-3125403.404513	12	198	3	332	5	17	-1.29
173	167	1	patchy	patchy	unclear	2	2	72401.018498	-3125446.82788	8	201	3	339	15	26	0.54
174	168	2	BG	tall grass	andropogonoid	2	2	72409.718825	-3125487.905086	8	205	4	354	15	27	0.14
175	169	2	BG	tall grass	andropogonoid	2	2	72402.134368	-3125522.937662	7	205	4	354	15	27	0.14
176	170	2	BG	tall grass	andropogonoid	2	2	72407.196347	-3125556.263553	5	209	5	8	15	24	-0.69
177	171	2	BG	tall grass	andropogonoid	2	2	72383.752412	-3125601.901351	8	214	6	352	5	13	-1.61
178	172	2	BG	short grass	andropogonoid	2	2	72371.433425	-3125636.310521	8	220	4	3	5	14	-1.13
179	173	2	BG	tall grass	andropogonoid	2	2	72365.42498	-3125671.947195	6	220	4	3	5	14	-1.13
180	174	2	BG	tall grass	andropogonoid	2	2	72342.061033	-3125704.505485	8	222	3	334	5	16	-1.14
181	175	2	BG	tall grass	unclear	2	2	72335.511748	-3125742.517107	8	223	1	9	5	15	-0.37
182	176	2	BG	tall grass	andropogonoid	2	2	72309.530136	-3125772.681295	7	223	1	9	5	15	-0.37
183	177	2	BG	tall grass	andropogonoid	2	2	72280.378001	-3125803.420721	7	225	3	16	5	15	-0.99
184	178	2	BG	tall grass	andropogonoid	2	2	72249.183587	-3125826.418757	8	228	3	54	15	30	-0.57
185	179	2	BG	tall grass	andropogonoid	2	2	72221.619357	-3125857.167979	7	230	4	31	15	30	-0.05
186	180	2	BG	patchy	panicoid	2	2	72182.018798	-3125875.953109	8	236	4	45	15	29	-0.72
187	181	2	BG	tall grass	andropogonoid	2	2	72147.113244	-3125901.901555	9	236	4	45	15	29	-0.72
188	182	2	BG	tall grass	andropogonoid	2	2	72111.688585	-3125926.657782	9	240	2	67	5	22	-0.77
189	183	2	BG	tall grass	unclear	2	2	72078.925246	-3125946.673919	11	241	0	16	5	16	0.23
190	184	1	BG	tall grass	unclear	2	2	72036.238523	-3125953.549675	11	240	1	340	15	37	0.65
191	185	1	patchy	tall grass	unclear	2	2	71997.111028	-3125981.25659	13	241	0	24	5	25	0.63
192	186	2	LG	tall grass	unclear	2	2	71960.100347	-3126007.192812	12	241	0	16	5	24	0.31
193	187	2	LG	tall grass	unclear	2	2	71928.859286	-3126036.73136	14	242	0	19	5	20	0.54
194	188	2	LG	tall grass	unclear	2	2	71899.147377	-3126074.603082	14	242	0	33	5	21	0.58
195	189	2	LG	tall grass	unclear	2	2	71867.375556	-3126103.543989	14	242	0	2	15	30	1.56
196	190	1	LG	patchy	unclear	2	2	71842.969126	-3126136.096913	14	243	0	7	15	30	2.19
197	191	1	BG	tall grass	panicoid	2	2	71821.176086	-3126170.449325	14	243	0	7	15	30	2.19
198	192	1	LG	short grass	unclear	2	2	71802.556248	-3126202.442732	14	243	0	18	15	31	1.37
199	193	1	LG	patchy	unclear	2	2	71782.865656	-3126237.402393	14	244	0	27	15	30	2.59
200	194	1	patchy	short grass	unclear	2	2	71767.372387	-3126274.76578	14	244	0	39	15	34	1.07
201	195	1	BG	tall grass	panicoid	2	2	71757.154446	-3126310.377302	14	244	0	39	15	34	1.07
202	196	1	patchy	short grass	unclear	2	2	71741.639802	-3126351.307873	14	245	0	67	5	25	0.45
203	197	1	patchy	patchy	unclear	2	2	71748.217903	-3126395.344592	14	245	0	140	5	33	0.41
205	198	2	BG	tall grass	andropogonoid	3	2	72124.209218	-3126465.994829	7	240	4	89	15	41	0.23
206	199	2	BG	tall grass	andropogonoid	3	2	72143.374038	-3126431.032512	7	240	4	89	15	41	0.23
207	200	2	BG	short grass	andropogonoid	2	2	72162.023367	-3126394.283339	7	235	7	90	15	41	-0.22
208	201	2	BG	short grass	andropogonoid	2	2	72181.210076	-3126355.753818	7	235	7	89	15	40	0.7
209	202	2	BG	short grass	andropogonoid	4	0	72193.545888	-3126318.371855	7	235	7	89	15	40	2.08
210	203	2	BG	short grass	andropogonoid	2	0	72210.08974	-3126281.609958	7	227	8	89	15	37	1.98
211	204	2	BG	short grass	andropogonoid	2	2	72231.901807	-3126244.285534	7	227	8	89	15	37	0.04
212	205	1	patchy	short grass	unclear	2	2	72231.087444	-3126205.040009	7	227	7	91	15	40	-0.35
213	206	2	BG	short grass	andropogonoid	2	2	72259.718283	-3126171.919078	7	221	6	109	20	40	2.12
214	207	1	patchy	short grass	unclear	2	2	72376.020786	-3126005.556984	6	220	6	98	15	33	-0.25
215	208	1	patchy	short grass	unclear	2	2	72396.810881	-3125964.659337	6	214	6	99	15	44	0.63
216	209	1	patchy	patchy	unclear	2	2	72417.585653	-3125924.95069	6	214	6	99	15	44	0.63
217	210	1	patchy	short grass	unclear	2	2	72442.583159	-3125883.484184	6	215	5	102	15	45	1.18
218	211	1	patchy	patchy	unclear	2	2	72469.621443	-3125852.732251	6	212	6	111	15	45	0.01
219	212	1	LG	short grass	unclear	2	2	72500.359652	-3125819.624619	6	209	6	108	15	35	-1.08
220	213	1	patchy	short grass	unclear	2	2	72528.454799	-3125788.28468	5	209	6	108	15	35	-1.08
221	214	1	BG	patchy	unclear	2	2	72565.507369	-3125755.810343	5	205	5	98	15	34	0.59
222	215	1	patchy	short grass	unclear	2	2	72588.356264	-3125721.465687	5	205	5	85	15	33	0.35
223	216	1	LG	short grass	unclear	2	2	72608.525699	-3125694.833963	5	200	4	86	15	33	0.78
224	217	1	patchy	patchy	unclear	2	2	72625.078922	-3125656.883616	5	200	4	70	5	21	-1.48
225	218	1	BG	patchy	chlorodoid	2	2	72641.105765	-3125618.930072	5	198	4	62	15	32	-0.81
226	219	1	LG	short grass	unclear	2	2	72654.514851	-3125578.582204	5	194	4	64	5	21	-1.41
227	220	2	LG	tall grass	unclear	2	2	72671.057473	-3125542.415496	5	192	4	60	15	35	-0.05
228	221	2	LG	tall grass	unclear	2	2	72687.070059	-3125506.840152	5	190	4	58	15	35	0.8
229	222	2	LG	patchy	unclear	2	2	72687.328219	-3125464.628346	5	188	4	57	15	37	-0.17
230	223	2	LG	patchy	unclear	2	2	72689.158566	-3125423.615218	5	186	4	59	15	30	0.93
231	224	1	LG	patchy	unclear	2	2	72681.519394	-3125381.355108	5	186	4	59	15	30	0.93
232	225	1	BG	tall grass	andropogonoid	2	2	72688.088124	-3125340.371079	5	184	4	65	15	31	1.38
233	226	1	LG	short grass	unclear	2	2	72691.479772	-3125302.340318	5	183	3	66	15	31	0.99
234	227	1	patchy	tall grass	unclear	2	2	72701.200267	-3125262.564527	5	180	2	61	5	21	-1.02
235	228	1	patchy	patchy	unclear	2	2	72697.754798	-3125223.302885	5	178	3	42	15	28	-0.6
236	229	1	BG	tall grass	unclear	2	2	72691.673187	-3125184.619594	5	180	3	29	5	17	-1.1
237	230	2	BG	patchy	andropogonoid	2	2	72701.390127	-3125145.43848	5	175	4	34	15	27	-0.73
238	231	1	patchy	tall grass	unclear	3	2	72722.621021	-3125117.624262	5	172	4	31	15	32	1.32
239	232	1	patchy	patchy	unclear	2	2	72740.740307	-3125082.061883	5	172	4	31	15	32	1.32
240	233	1	patchy	patchy	unclear	3	2	72777.191721	-3125060.881026	5	166	4	29	15	29	1.51
241	234	1	patchy	tall grass	unclear	3	2	72810.522555	-3125036.113765	5	165	3	27	15	29	0.5
248	235	1	LG	tall grass	unclear	2	5	73059.362557	-3128835.667667	6	216	5	268	15	42	-0.66
249	236	1	patchy	patchy	unclear	2	5	73048.514402	-3128802.305643	6	216	5	269	15	42	0
250	237	1	patchy	tall grass	unclear	2	5	73039.281774	-3128763.008033	6	210	6	269	15	38	0.27
251	238	2	BG	tall grass	andropogonoid	2	5	73027.410069	-3128724.883257	6	210	6	269	15	38	0.27
252	239	2	BG	patchy	andropogonoid	2	5	73018.699991	-3128686.183363	6	210	6	268	15	38	0.26
253	240	2	BG	tall grass	andropogonoid	2	0	73003.129108	-3128650.41421	6	210	6	266	15	40	0.22
254	241	2	BG	tall grass	andropogonoid	2	0	72994.411585	-3128612.90347	7	205	6	265	15	33	0.53
255	242	1	BG	tall grass	andropogonoid	2	0	72978.358025	-3128569.996563	7	205	6	261	15	34	0.8
256	243	2	BG	tall grass	andropogonoid	2	0	72967.549575	-3128530.094756	7	205	6	261	15	34	0.8
257	244	1	patchy	tall grass	unclear	2	0	72954.112945	-3128489.58233	7	207	7	255	15	34	-0.44
258	245	2	BG	tall grass	andropogonoid	2	0	72928.007249	-3128454.937499	7	203	5	238	15	37	0.42
259	246	2	BG	tall grass	panicoid	3	0	72900.315029	-3128421.472272	7	206	5	235	15	37	0.63
260	247	1	BG	tall grass	unclear	2	0	72873.116158	-3128393.361094	6	203	3	220	15	39	0.03
261	248	2	BG	tall grass	unclear	2	0	72842.759024	-3128365.2306	6	204	3	226	15	38	-0.47
262	249	2	BG	tall grass	unclear	2	0	72822.983591	-3128328.246748	6	204	3	226	15	38	-0.47
263	250	1	BG	patchy	unclear	3	0	72791.551586	-3128303.6771	6	203	3	253	5	28	-0.99
264	251	1	LG	short grass	unclear	2	0	72756.405786	-3128283.841246	6	203	3	253	5	28	-0.99
265	252	1	patchy	tall grass	unclear	2	0	72714.856154	-3128278.235682	6	200	3	269	15	37	-0.13
266	253	1	BG	patchy	unclear	3	0	72679.194701	-3128256.613255	6	196	7	303	15	29	-0.58
267	254	1	BG	tall grass	unclear	3	0	72676.269457	-3128218.543797	6	190	9	310	15	27	-1.52
268	255	1	patchy	tall grass	unclear	3	0	72678.023225	-3128190.01571	6	190	9	310	15	27	-1.52
269	256	1	patchy	tall grass	unclear	2	0	72686.24261	-3128137.150497	6	183	7	307	15	28	1.02
270	257	2	BG	patchy	andropogonoid	2	0	72703.834754	-3128100.990231	6	186	8	300	15	31	-0.68
271	258	2	BG	patchy	panicoid	2	0	72716.707888	-3128061.828259	6	183	6	300	15	29	0.02
272	259	2	BG	patchy	andropogonoid	2	0	72726.422877	-3128022.647062	6	180	4	296	15	31	1.97
273	260	2	BG	tall grass	panicoid	2	0	72730.866916	-3127984.622639	6	180	4	296	15	31	1.97
274	261	2	BG	tall grass	andropogonoid	2	0	72726.92904	-3127940.006747	6	180	2	285	15	35	1.92
275	262	2	BG	tall grass	andropogonoid	2	0	72734.008621	-3127901.403889	6	180	1	298	15	31	-0.64
276	263	2	BG	tall grass	andropogonoid	2	0	72742.151929	-3127861.023906	6	178	1	309	20	35	9.13
277	264	2	BG	tall grass	andropogonoid	2	0	72746.055104	-3127825.374415	6	180	3	292	15	31	2.25
278	265	2	BG	tall grass	andropogonoid	2	0	72751.040209	-3127784.975088	6	180	2	276	20	41	3.21
279	266	1	patchy	patchy	unclear	2	0	72749.193287	-3127742.750248	6	180	2	276	15	39	0.68
280	267	1	patchy	short grass	unclear	3	0	72753.655681	-3127701.753135	6	180	2	290	15	32	-0.8
281	268	2	BG	patchy	panicoid	4	0	72779.645317	-3127669.806325	6	178	2	305	15	31	-0.07
282	269	2	BG	patchy	panicoid	4	0	72810.390818	-3127634.916025	6	180	2	312	15	32	1.73
283	270	2	BG	patchy	panicoid	3	2	72851.021206	-3127619.112107	5	180	2	314	15	32	2.16
284	271	1	patchy	short grass	unclear	3	2	72886.910533	-3127603.873915	5	180	2	314	15	32	2.16
285	272	1	patchy	short grass	unclear	2	2	72914.494524	-3127569.558942	5	180	2	316	15	31	1.58
286	273	1	patchy	tall grass	unclear	2	2	72948.274876	-3127554.902454	5	182	2	326	15	28	1.37
287	274	1	patchy	tall grass	unclear	2	2	72988.467021	-3127524.827003	5	182	2	326	15	28	1.37
288	275	1	patchy	patchy	unclear	2	2	73019.19524	-3127492.909828	5	180	2	331	15	28	1.98
289	276	1	BG	tall grass	andropogonoid	2	2	73052.010918	-3127463.978284	5	180	2	316	15	31	0.8
290	277	1	patchy	patchy	unclear	2	2	73084.804797	-3127438.614101	5	180	2	316	15	31	0.8
291	278	1	patchy	tall grass	unclear	2	2	73112.905161	-3127406.086397	5	180	2	315	15	35	0.4
292	279	1	patchy	tall grass	unclear	2	2	73130.5216	-3127366.359586	5	178	2	315	15	35	0.44
293	280	1	patchy	patchy	unclear	2	2	73159.141327	-3127335.024359	5	180	2	315	15	35	2.51
294	281	2	LG	short grass	unclear	2	2	73176.271907	-3127288.754388	5	178	2	315	15	35	0.39
295	282	2	LG	short grass	unclear	2	2	73222.538211	-3127212.9363	5	176	3	328	15	30	-0.47
99	283	2	BG	tall grass	chlorodoid	3	0	72341.969021	-3128611.154976	13	198	2	333	15	28	2.15
37	284	2	BG	tall grass	andropogonoid	1	2	101648.157971	-3106470.796875	12	480	7	228	5	27	-1.98
38	285	2	BG	tall grass	andropogonoid	1	2	101638.049299	-3106543.24636	12	460	14	244	15	43	-1.9
39	286	2	BG	tall grass	andropogonoid	1	2	101632.30793	-3106597.301828	11	455	13	254	15	42	-0.43
40	287	2	BG	tall grass	andropogonoid	1	2	101635.548278	-3106651.433576	11	453	14	255	5	22	-2.53
41	288	2	BG	tall grass	andropogonoid	1	2	101591.204216	-3106656.407938	11	437	19	257	15	30	-2.13
42	289	2	BG	tall grass	andropogonoid	1	2	101572.907929	-3106637.227014	11	437	19	257	15	30	-2.13
43	290	2	BG	tall grass	andropogonoid	1	2	101578.966302	-3106606.956323	11	440	18	255	15	40	-0.17
44	291	2	BG	tall grass	andropogonoid	1	2	101590.876217	-3106570.789697	11	446	18	250	15	39	-1.48
45	292	2	BG	tall grass	andropogonoid	1	2	101608.075042	-3106532.884467	12	460	14	244	15	43	-1.9
93	293	2	BG	tall grass	andropogonoid	2	2	101258.395601	-3109648.348554	18	161	1	147	15	44	1.19
94	294	2	BG	tall grass	andropogonoid	2	7	101064.689762	-3109734.108684	18	156	7	209	15	47	-1.21
95	295	2	BG	tall grass	andropogonoid	2	7	101160.436845	-3109884.15148	18	144	2	196	15	45	3.07
96	296	2	BG	tall grass	andropogonoid	2	2	101282.874912	-3109808.490993	19	155	3	180	15	51	-0.26
97	297	2	BG	tall grass	chlorodoid	2	2	102215.689974	-3112940.828449	12	179	0	290	5	22	0.15
98	298	2	BG	tall grass	chlorodoid	2	2	96019.840084	-3116290.205025	12	185	4	131	15	43	-0.77
99	299	2	BG	tall grass	chlorodoid	2	2	96032.984885	-3116359.278685	10	181	6	147	15	39	0.01
100	300	2	BG	tall grass	chlorodoid	2	2	96091.713586	-3116330.024351	10	180	5	169	15	52	-0.05
101	301	2	BG	tall grass	chlorodoid	2	2	96088.815509	-3116297.300767	12	183	3	154	15	49	-0.34
102	302	2	BG	short grass	andropogonoid	0	0	93981.319177	-3120192.625202	13	282	2	52	5	20	-0.83
103	303	2	BG	short grass	andropogonoid	0	0	93913.051783	-3120165.331804	13	280	3	334	5	26	-1.25
104	304	2	BG	short grass	andropogonoid	0	0	93818.31701	-3120221.067091	14	279	7	311	15	28	-1.34
105	305	2	BG	short grass	andropogonoid	0	0	93928.976099	-3120350.362139	14	287	1	57	5	21	-0.38
109	306	2	BG	tall grass	andropogonoid	1	0	92923.630782	-3122405.554505	13	307	5	199	5	31	-1.6
110	307	2	BG	tall grass	andropogonoid	1	0	92966.017597	-3122508.14812	13	292	11	163	15	48	0.02
111	308	2	BG	tall grass	andropogonoid	1	2	92874.671971	-3122604.940666	13	276	10	183	15	41	-1.34
112	309	2	BG	tall grass	andropogonoid	1	0	92844.427942	-3122566.058906	13	281	8	203	15	40	-0.32
113	310	2	BG	tall grass	andropogonoid	1	0	92811.569013	-3122524.778597	13	281	8	203	15	40	-0.32
114	311	2	BG	tall grass	andropogonoid	1	0	92810.281271	-3122487.312013	13	288	9	207	15	41	-1.53
115	312	2	BG	tall grass	andropogonoid	1	0	92832.753349	-3122442.301628	12	297	8	208	15	39	-0.76
116	313	2	BG	tall grass	andropogonoid	3	4	94745.053	-3124175.041629	13	205	2	149	5	31	-0.81
117	314	2	BG	tall grass	andropogonoid	3	4	94796.396913	-3124142.155977	15	200	3	107	15	35	1.64
118	315	2	BG	tall grass	andropogonoid	3	4	94831.772839	-3124130.547081	15	200	3	107	15	35	1.64
119	316	2	BG	tall grass	andropogonoid	3	4	94908.478469	-3124153.157639	15	194	5	69	15	41	1.92
120	317	2	BG	tall grass	andropogonoid	3	4	94952.478758	-3124182.642191	15	193	6	40	15	37	-0.45
121	318	2	BG	tall grass	andropogonoid	3	4	94996.497846	-3124209.748702	15	190	7	31	15	36	-0.54
122	319	2	BG	tall grass	andropogonoid	3	4	94975.04039	-3124258.925273	15	198	4	33	15	37	-0.79
123	320	2	BG	tall grass	andropogonoid	3	4	94950.841013	-3124321.754653	15	200	1	38	5	29	-0.61
124	321	2	BG	tall grass	andropogonoid	3	4	94952.131068	-3124358.03281	15	200	0	75	15	33	3.61
125	322	2	BG	tall grass	andropogonoid	3	4	94907.912797	-3124421.89151	15	201	0	94	15	40	3.33
126	323	2	BG	tall grass	andropogonoid	3	4	94890.796754	-3124455.049846	14	201	0	103	15	41	1.43
127	324	2	BG	tall grass	chlorodoid	2	2	97451.32549	-3125461.544948	19	158	0	315	15	35	1.26
128	325	2	BG	tall grass	chlorodoid	2	2	97417.588426	-3125337.599951	19	158	0	197	15	45	4.27
132	326	2	BG	tall grass	chlorodoid	2	2	101018.448338	-3120606.396032	12	223	4	1	15	24	1.39
133	327	2	BG	tall grass	chlorodoid	2	2	101094.828421	-3120668.878975	12	228	4	346	20	40	3.28
134	328	2	BG	tall grass	chlorodoid	2	2	101146.538977	-3120596.781617	10	230	5	295	15	38	0.38
135	329	2	BG	tall grass	chlorodoid	2	2	101164.704763	-3120504.778778	11	226	7	281	15	31	0
136	330	2	BG	tall grass	chlorodoid	2	2	101112.7011	-3120425.260147	12	220	4	282	15	34	0.57
137	331	2	BG	tall grass	chlorodoid	2	2	101128.285075	-3120389.124273	12	220	3	293	5	21	-1.24
138	332	2	BG	tall grass	chlorodoid	2	2	101109.924294	-3120380.049809	12	220	3	293	5	21	-1.24
139	333	2	BG	tall grass	chlorodoid	3	0	100835.803823	-3120402.10203	13	214	1	312	15	32	0.73
140	334	2	BG	tall grass	chlorodoid	3	0	100864.366631	-3120326.240033	13	214	1	318	15	34	0.12
141	335	2	BG	tall grass	chlorodoid	3	0	100916.785319	-3120232.743491	12	213	1	304	20	44	1.41
142	336	2	BG	tall grass	chlorodoid	3	0	100895.626309	-3120180.837341	12	211	2	309	15	38	1.33
143	337	2	BG	tall grass	chlorodoid	3	0	100868.294891	-3120173.471023	12	209	2	311	20	43	1.28
144	338	2	BG	tall grass	chlorodoid	3	0	100791.036347	-3120152.007058	11	206	2	337	15	37	4.68
145	339	2	BG	tall grass	chlorodoid	3	0	100716.510668	-3120181.104482	11	208	2	354	15	35	4.26
146	340	2	BG	tall grass	chlorodoid	3	0	100639.782834	-3120221.480414	12	209	2	34	15	33	1.74
148	341	2	BG	tall grass	andropogonoid	0	2	98307.385551	-3119678.18908	14	300	3	28	5	17	-1.13
149	342	2	BG	tall grass	andropogonoid	0	2	98255.796846	-3119737.218965	15	302	1	321	5	19	-0.56
150	343	2	BG	tall grass	andropogonoid	0	2	98203.040143	-3119746.296713	13	300	4	269	5	24	-1.07
151	344	2	BG	tall grass	andropogonoid	0	2	98171.643966	-3119720.471921	15	296	7	275	5	22	-1.81
152	345	2	BG	tall grass	andropogonoid	0	2	98233.000941	-3119690.655573	14	300	3	304	5	20	-1.18
153	346	2	BG	tall grass	andropogonoid	0	2	98275.802964	-3119674.955627	15	300	2	350	15	29	-0.03
154	347	2	BG	tall grass	andropogonoid	0	0	103424.302154	-3105515.105606	9	471	5	118	5	27	-1.61
155	348	2	BG	tall grass	andropogonoid	0	0	103436.160527	-3105546.719427	9	468	5	141	5	32	-1.63
156	349	2	BG	tall grass	andropogonoid	0	0	103446.938313	-3105581.296689	9	461	6	116	15	45	-0.43
157	350	2	BG	tall grass	andropogonoid	0	0	103467.255714	-3105610.605499	11	461	6	116	15	45	-0.43
158	351	2	BG	tall grass	andropogonoid	0	2	103502.172916	-3105598.421643	13	454	9	110	15	44	0.11
159	352	2	BG	tall grass	andropogonoid	0	2	103599.217055	-3105599.261008	12	436	11	120	15	45	-0.6
160	353	2	BG	tall grass	andropogonoid	0	0	103622.433545	-3105598.272803	13	436	11	120	15	45	-0.6
161	354	2	BG	tall grass	andropogonoid	0	0	103658.079128	-3105562.908084	13	434	11	123	15	35	-1.69
162	355	2	BG	tall grass	andropogonoid	0	2	103687.63499	-3105560.785874	13	434	11	123	15	35	-1.69
163	356	2	BG	tall grass	andropogonoid	0	2	103787.720272	-3105575.922418	13	411	12	130	15	35	-1.87
164	357	2	BG	tall grass	andropogonoid	0	2	103797.486918	-3105544.495563	14	408	11	111	5	24	-2.34
165	358	2	BG	tall grass	andropogonoid	0	2	103782.971779	-3105515.236574	14	420	10	87	15	31	-0.71
166	359	2	BG	tall grass	andropogonoid	0	2	103795.686497	-3105508.806645	14	420	10	87	15	31	-0.71
167	360	2	BG	tall grass	andropogonoid	0	2	103771.006063	-3105496.107131	13	420	10	87	15	31	-0.71
168	361	2	BG	tall grass	andropogonoid	0	2	103698.021483	-3105518.662383	12	429	10	93	15	35	-1.38
169	362	2	BG	tall grass	andropogonoid	0	0	103639.784266	-3105543.72398	13	442	10	123	15	40	-1.69
170	363	2	BG	tall grass	andropogonoid	0	0	103607.653031	-3105538.689364	13	442	10	123	15	40	-1.69
171	364	2	BG	tall grass	andropogonoid	0	2	103532.059792	-3105497.011242	10	460	6	107	15	34	-1.1
172	365	2	BG	tall grass	andropogonoid	0	2	103497.731364	-3105502.065347	11	460	6	107	15	34	-1.1
173	366	2	BG	tall grass	andropogonoid	0	0	103458.061992	-3105514.802779	11	466	6	104	5	24	-1.68
2	367	2	BG	tall grass	andropogonoid	1	2	104756.74624	-3107833.889925	20	307	10	12	5	16	-2.15
4	368	2	BG	tall grass	andropogonoid	1	2	104656.873952	-3108038.150827	17	310	5	196	5	32	-1.62
6	369	2	BG	tall grass	andropogonoid	1	6	111064.153046	-3104842.830231	19	181	0	153	5	40	0.56
8	370	2	BG	tall grass	andropogonoid	1	0	111456.908878	-3105036.75229	16	140	0	-1	20	44	4.91
15	371	2	BG	short grass	chlorodoid	3	2	99843.28124	-3124108.651956	15	257	3	294	15	31	0.22
21	372	2	BG	short grass	andropogonoid	2	2	97578.536354	-3125238.607202	16	150	0	-1	15	39	4.65
23	373	2	BG	tall grass	andropogonoid	2	6	110272.225502	-3105777.959585	18	179	4	302	15	30	-0.75
241	374	2	BG	tall grass	andropogonoid	2	4	72146.688422	-3131687.530703	13	269	3	68	15	36	0.7
243	375	2	BG	tall grass	andropogonoid	2	4	72323.0559	-3131846.757882	9	264	3	60	15	37	0.25
245	376	2	BG	tall grass	andropogonoid	2	4	72323.571223	-3131848.544793	9	264	3	60	15	37	0.25
295	377	2	BG	tall grass	andropogonoid	2	2	75599.625073	-3125765.806135	9	179	0	249	15	42	1.59
299	378	2	BG	tall grass	andropogonoid	2	2	81979.90243	-3133439.435376	11	238	5	29	5	17	-1.59
301	379	2	BG	tall grass	andropogonoid	3	2	82011.477875	-3133590.675809	12	248	11	43	15	26	-0.67
302	380	2	BG	tall grass	andropogonoid	3	2	82060.489704	-3133655.229316	13	247	12	51	15	26	-1.1
0	381	2	BG	tall grass	andropogonoid	1	2	96885.310614	-3131397.647514	13	121	0	151	5	31	0.61
0	382	2	BG	tall grass	andropogonoid	1	2	96897.774225	-3131273.02118	12	122	2	123	5	28	-0.71
0	383	2	BG	tall grass	andropogonoid	1	2	96901.928701	-3131144.240628	12	126	7	136	15	38	-1.25
0	384	2	BG	tall grass	andropogonoid	1	2	96931.010569	-3131011.305883	13	145	8	153	5	30	-2.13
0	385	2	BG	tall grass	andropogonoid	1	2	96960.092423	-3130857.600082	13	161	3	158	5	31	-1.16
1	386	1	BG	tall grass	andropogonoid	2	2	96820.931192	-3133793.930751	12	60	0	-1	15	39	4.25
3	387	2	LG	tall grass	unclear	2	2	96362.833011	-3135900.901427	10	60	0	-1	15	39	5.11
4	388	1	LG	short grass	unclear	3	2	95375.624634	-3137237.215977	8	39	0	-1	15	39	6.7
6	389	1	LG	short grass	unclear	3	2	95179.330634	-3136920.515612	8	36	0	-1	15	39	9.04
10	390	2	LG	short grass	unclear	2	2	95068.246987	-3136538.506741	10	39	0	-1	15	39	6.03
11	391		wallow				2	95034.088233	-3136534.070394	10	40	0	-1	15	39	6.02
12	392	1	LG	short grass	unclear	3	2	95153.56029	-3136658.105398	9	38	0	-1	15	39	14.2
13	393	1	LG	short grass	unclear	2	2	95245.734055	-3136774.787051	9	36	0	-1	15	39	7.05
15	394	1	patchy	tall grass		0	2	95245.26365	-3137029.257008	8	37	0	-1	15	39	6.46
17	395	1	LG	tall grass	unclear	2	2	95404.898527	-3137324.258573	8	39	0	-1	15	39	6.51
18	396	1	LG	short grass	unclear	2	2	94566.327171	-3137334.767501	8	61	0	-1	15	39	6.28
19	397	1	LG	short grass	unclear	2	2	94545.558122	-3137300.711327	8	60	0	-1	15	39	6.37
35	398	1	LG	short grass	unclear	3	2	100048.832392	-3114369.024999	9	124	0	-1	15	39	4.79
73	399	1	LG	short grass	unclear	2	4	102918.407472	-3115684.223164	6	140	0	135	15	45	7.57
74	400	2	LG	short grass	unclear	0	4	103084.952205	-3115622.043327	6	141	0	-1	15	39	5.22
76	401	1	LG	short grass	unclear	2	4	103035.247455	-3115641.234395	6	140	0	135	15	45	4.76
77	402	1	LG	short grass	unclear	0	5	105434.553238	-3117270.508328	13	202	1	78	15	43	0.94
78	403	1	BG	short grass	chlorodoid	0		105519.828169	-3117399.689659	8	202	6	26	15	25	0.77
79	404	1	LG	short grass	unclear	0	5	105358.948866	-3117298.973575	14	204	2	13	5	16	-0.75
80	405		wallow				5	105317.88903	-3117353.905528	13	207	4	333	5	17	-1.54
81	406	1	LG	short grass	unclear	4	0	106006.358818	-3116314.162258	13	155	4	71	15	39	0.7
82	407	1	LG	short grass	unclear	2	0	105977.466712	-3116303.797782	13	158	3	62	15	40	-0.47
83	408		wallow				5	105950.44462	-3116320.205476	13	158	3	62	15	40	-0.47
84	409		wallow				4	103052.156728	-3115636.029402	6	138	0	-1	15	39	5.19
86	410	1	LG	short grass	unclear	2	7	102880.07602	-3115729.07917	6	135	0	135	20	50	7.95
87	411	2	BG	tall grass	chlorodoid	0	6	101379.367416	-3119051.116496	13	205	4	210	15	40	2.7
88	412	1	LG	short grass	unclear	2	2	101723.883539	-3120290.149752	13	217	0	77	20	40	5.83
89	413		wallow				2	96869.595419	-3131638.438332	13	122	1	52	5	20	-0.02
90	414	2	LG	short grass	unclear	1	2	96851.970072	-3131798.826478	13	120	3	108	5	36	-1.12
91	415	2	LG	short grass	unclear	1	2	96837.421446	-3131840.327039	13	122	0	263	5	28	0.82
92	416		wallow				2	96810.403047	-3132377.591973	12	102	1	203	5	32	-0.21
326	417	2	BG	tall grass	chlorodoid	1	5	90933.905949	-3118875.234317	11	174	0	-1	15	39	6.67
327	418	2	BG	tall grass	chlorodoid	1	5	90936.008651	-3118875.844865	11	174	0	-1	15	39	6.67
328	419	1	BG	tall grass	chlorodoid	1	5	91040.394624	-3118866.534994	10	175	0	-1	15	39	5.08
329	420	1	BG	tall grass	chlorodoid	2	5	91194.35921	-3118918.843417	9	178	0	225	15	45	3.97
330	421		wallow				5	91235.313793	-3118936.993376	10	179	0	256	15	41	3.03
331	422	1	LG	short grass	unclear	4	5	91366.961425	-3118945.136958	10	180	0	96	5	25	0.82
332	423	1	BG	tall grass	chlorodoid	1	5	91507.521983	-3118890.328878	11	179	1	211	15	41	2.19
333	424	1	BG	tall grass	chlorodoid	0	5	91542.428624	-3118872.760723	11	181	4	208	15	40	1.2
334	425	1	BG	tall grass	chlorodoid	0	5	91581.141898	-3118839.763894	11	184	4	197	10	40	-1.45
335	426	1	BG	tall grass	chlorodoid	0	5	91652.673473	-3118786.805067	12	187	5	158	5	31	-1.7
336	427	1	BG	tall grass	chlorodoid	0	5	91716.179826	-3118749.837624	12	190	6	156	15	45	-0.37
337	428	1	BG	tall grass	andropogonoid	1	5	91789.535825	-3118733.755366	12	188	5	154	15	41	0.62
338	429	1	BG	tall grass	chlorodoid	1	5	91888.261935	-3118707.167483	12	187	4	141	15	39	0.73
339	430	3	LG	short grass	unclear		5	91957.693005	-3118653.599723	12	184	3	112	5	26	-1.14
344	431		wallow				5	92420.165157	-3118667.28585	11	178	0	209	15	46	1.67
345	432	1	BG	tall grass	chlorodoid	1	5	92532.891367	-3118669.944523	11	180	1	211	5	34	0
346	433	3	LG	short grass	unclear	4	5	92659.037518	-3118708.381354	11	177	2	141	15	45	0.7
347	434	3	LG	short grass	unclear	4	5	92716.502665	-3118703.477642	11	176	2	142	15	45	1.1
348	435	3	LG	short grass	unclear	4	5	92875.78973	-3118613.158317	10	175	2	133	15	42	0.38
349	436	3	LG	short grass	unclear		5	92921.458424	-3118567.139935	10	175	3	118	15	40	0.22
350	437	1	BG	tall grass	unclear	4	5	93028.476491	-3118491.278699	10	169	3	94	15	36	0.35
351	438	1	BG	tall grass	unclear	4	5	93067.749948	-3118454.723573	10	166	4	82	15	33	0.92
352	439	1	BG	tall grass	unclear	4	5	93067.576069	-3118409.536698	9	165	5	92	20	39	6.25
355	440	3	LG	short grass	unclear	4	5	93246.338482	-3118255.163308	9	159	0	123	20	43	7.89
357	441	3	LG	short grass	unclear	4	5	93345.277117	-3118202.428932	7	159	0	134	20	46	7.92
359	442		patchy	tall grass	unclear	0	5	93441.591718	-3118081.30184	9	159	0	340	20	42	11.03
362	443	1	BG	tall grass	chlorodoid	0	5	93639.133488	-3118019.236082	9	161	0	40	10	24	0.56
366	444	3	BG	tall grass	chlorodoid	4	5	94053.933142	-3117867.920748	8	160	0	194	10	38	0.72
367	445		wallow				5	94121.670795	-3117763.815206	8	160	1	168	15	45	2.67
368	446	3	LG	tall grass	unclear	0	5	94149.410627	-3117720.632436	8	162	2	194	15	43	0.63
369	447	2	LG	short grass	unclear	0	5	94170.066478	-3117707.121011	8	162	2	194	15	43	0.63
370	448	2	LG	short grass	unclear	0	5	94199.721422	-3117688.329909	8	163	2	204	15	42	1.65
371	449	2	LG	short grass	unclear	0	5	94238.982334	-3117654.156478	8	166	3	200	15	43	0.21
372	450	2	LG	short grass	unclear	0	5	94271.428241	-3117614.578417	10	170	3	191	15	45	0.23
175	451	2	LG	short grass	unclear	0	5	94316.502923	-3117512.672884	10	176	3	159	5	31	-1.13
176	452	2	LG	short grass	unclear	0	5	94283.356757	-3117506.465167	10	177	3	186	5	33	-1.02
177	453	2	LG	short grass	unclear	0	5	94235.472129	-3117498.357386	8	176	4	215	15	40	-0.68
178	454	2	LG	short grass	unclear	2	5	94189.67615	-3117492.64442	8	173	4	235	15	37	-0.72
179	455	2	LG	tall grass	unclear	2	5	94141.71628	-3117494.049101	8	170	3	251	5	26	-1.2
180	456	1	LG	patchy	unclear	0	5	94092.232116	-3117488.30749	8	167	2	265	15	35	-0.1
181	457	1	patchy	short grass	unclear	2	5	94049.602003	-3117482.025449	8	167	2	265	15	35	-0.1
182	458	1	patchy	patchy	unclear	4	5	94011.168115	-3117478.154995	8	164	2	279	15	34	0.77
183	459	1	patchy	patchy	unclear	4	5	93976.949221	-3117474.317791	8	162	1	302	10	26	-0.61
184	460	2	BG	tall grass	panicoid	4	5	93937.969673	-3117472.821495	8	161	1	300	15	31	-0.22
185	461	2	BG	tall grass	panicoid	4	7	93901.661972	-3117466.589822	8	161	1	300	15	31	-0.22
186	462	1	BG	tall grass	panicoid	4	7	93860.523384	-3117471.616716	8	160	1	286	10	31	0.14
188	463	1	BG	tall grass	panicoid	4	7	93782.634436	-3117459.70718	9	159	0	117	20	45	9.2
189	464	1	BG	tall grass	panicoid	4	7	93752.597721	-3117460.065476	9	159	0	117	20	45	9.2
190	465	1	patchy	tall grass	unclear	4	7	93711.007108	-3117455.576554	7	160	1	115	5	27	-0.61
191	466	1	LG	tall grass	unclear	4	6	93662.576403	-3117449.844912	9	162	3	117	5	27	-1.29
192	467	1	patchy	tall grass	unclear	4	6	93599.332362	-3117451.726286	9	166	5	117	5	27	-1.61
193	468	2	LG	tall grass	unclear	4	6	93558.357227	-3117435.946353	10	170	6	114	15	40	0.76
194	469	1	LG	tall grass	unclear	3	6	93517.773586	-3117437.411454	10	175	6	108	15	42	0.92
195	470	1	BG	tall grass	chlorodoid	3	6	93476.700386	-3117434.116525	11	181	7	101	15	36	-0.01
196	471	1	LG	tall grass	unclear	4	6	93440.863329	-3117435.024618	12	188	8	105	15	34	-0.59
197	472	1	LG	short grass	unclear	4	6	93398.181515	-3117435.284567	12	188	8	105	15	34	-0.59
198	473	1	BG	short grass	panicoid	2	6	93354.501835	-3117428.402417	12	195	8	116	15	38	-1.36
199	474	2	BG	short grass	chlorodoid	2	6	93317.680853	-3117420.384909	12	205	8	113	5	25	-2.09
200	475	2	BG	tall grass	panicoid	3	6	93271.834154	-3117420.026033	12	212	8	116	15	35	-0.34
201	476	2	BG	tall grass	chlorodoid	4	6	93232.382272	-3117412.582813	12	220	9	112	5	27	-2.15
202	477	2	BG	tall grass	andropogonoid	2	6	93191.313589	-3117408.694409	13	228	10	104	5	26	-2.16
203	478	2	BG	tall grass	chlorodoid	2	6	93141.79623	-3117407.118226	13	237	8	97	5	23	-1.94
204	479	2	BG	tall grass	andropogonoid	2	6	93109.642661	-3117408.650601	13	237	8	97	5	23	-1.94
205	480	2	BG	tall grass	andropogonoid	2	6	93066.993307	-3117404.75028	13	243	7	91	15	33	-0.26
206	481	1	BG	tall grass	andropogonoid	2	6	93024.330001	-3117402.633498	13	249	7	92	15	33	-1.03
207	482	1	patchy	tall grass	unclear	4	6	92977.470206	-3117398.106027	13	256	7	99	5	24	-1.76
208	483	1	BG	tall grass	andropogonoid	2	6	92932.680817	-3117398.351317	13	261	6	109	15	35	-1.1
209	484	2	BG	tall grass	unclear	2	6	92890.022115	-3117395.640555	13	267	7	118	5	29	-1.91
210	485	2	BG	tall grass	andropogonoid	0	6	92847.927337	-3117388.178021	13	267	7	118	5	29	-1.91
211	486	2	BG	tall grass	andropogonoid	0	6	92811.586516	-3117386.11137	13	272	7	131	15	40	-0.17
212	487	2	BG	tall grass	andropogonoid	0	6	92765.248855	-3117382.183302	13	276	7	143	15	38	-1.29
213	488	2	BG	tall grass	andropogonoid	0	6	92722.081709	-3117377.091084	13	280	7	155	5	30	-1.93
214	489	2	BG	patchy	andropogonoid	0	6	92679.422909	-3117374.38108	13	287	6	170	15	41	-1.04
215	490	2	BG	tall grass	andropogonoid	0	6	92638.894721	-3117368.715188	13	287	7	196	5	31	-1.92
216	491	2	BG	short grass	chlorodoid	0	6	92594.216122	-3117354.693444	12	284	10	217	15	37	-1.62
217	492	2	BG	tall grass	chlorodoid	0	6	92557.801314	-3117362.139628	12	284	10	217	15	37	-1.62
218	493	2	BG	tall grass	chlorodoid	1	6	92517.268427	-3117357.068615	12	277	12	225	15	36	-1.17
219	494	2	BG	tall grass	chlorodoid	1	6	92472.992991	-3117357.914123	12	268	14	229	15	35	-0.9
220	495	2	BG	tall grass	andropogonoid	1	6	92431.918363	-3117355.811908	12	257	16	234	15	34	-1.02
221	496	2	BG	tall grass	andropogonoid	4	6	92391.3762	-3117351.930248	13	243	16	234	15	34	-0.49
222	497	2	BG	tall grass	andropogonoid	2	6	92359.282538	-3117345.736091	14	243	16	234	15	34	-0.49
223	498	2	BG	tall grass	chlorodoid	2	6	92321.887806	-3117343.662774	14	233	10	216	15	38	1.19
224	499	2	BG	tall grass	chlorodoid	2	6	92290.307162	-3117339.256381	14	232	7	139	20	43	5.18
225	500	2	BG	tall grass	chlorodoid	2	6	92241.325608	-3117336.498996	14	241	14	100	15	32	0.19
226	501	2	BG	tall grass	chlorodoid	4	6	92206.602032	-3117329.690293	14	241	14	100	15	32	0.19
227	502	2	BG	tall grass	andropogonoid	4	6	92170.251804	-3117328.81464	13	256	17	93	15	37	-0.11
228	503	2	BG	tall grass	chlorodoid	4	6	92119.144287	-3117328.419528	13	272	16	93	15	40	-0.22
229	504	2	BG	tall grass	chlorodoid	2	6	92067.528274	-3117325.642499	13	286	14	94	15	38	-0.36
230	505	2	BG	tall grass	chlorodoid	2	6	92031.709499	-3117324.176876	13	300	13	94	15	31	-0.93
231	506	2	BG	tall grass	andropogonoid	0	6	91994.305492	-3117323.293513	14	311	10	97	15	32	-1.44
232	507	2	BG	tall grass	chlorodoid	1	6	91958.450024	-3117326.584135	14	309	9	102	15	33	-0.73
233	508	2	BG	tall grass	andropogonoid	1	6	91909.445466	-3117326.800645	16	316	7	116	15	35	-1.23
234	509	2	BG	tall grass	andropogonoid	0	6	91872.082723	-3117320.567181	15	324	6	120	5	29	-1.81
235	510	2	BG	tall grass	andropogonoid	1	6	91834.646646	-3117323.84588	15	328	6	133	15	37	0.64
236	511	2	BG	tall grass	andropogonoid	0	6	91792.500707	-3117322.926725	15	332	6	141	15	38	-0.13
237	512	2	BG	tall grass	chlorodoid	0	6	91746.66661	-3117321.979329	15	332	6	141	15	38	-0.13
238	513	2	BG	tall grass	chlorodoid	0	6	91705.102439	-3117313.930341	15	336	7	146	15	39	-1.31
239	514	2	BG	tall grass	chlorodoid	0	6	91663.043351	-3117301.715998	15	339	7	156	5	30	-1.99
240	515	2	BG	tall grass	chlorodoid	0	6	91615.20675	-3117287.07919	15	341	8	166	15	41	-0.54
241	516	1	BG	tall grass	chlorodoid	0	6	91585.76984	-3117277.934744	15	342	8	167	15	41	0.12
243	517	1	BG	tall grass	chlorodoid	0	6	91523.656971	-3117269.728632	15	353	11	166	15	40	0.06
244	518	2	BG	tall grass	chlorodoid	0	6	91482.037746	-3117268.814627	15	356	12	164	15	39	0.54
245	519	2	BG	tall grass	chlorodoid	2	6	91449.751894	-3117287.592178	15	345	10	168	15	40	0.85
246	520	2	BG	tall grass	chlorodoid	1	6	91428.402973	-3117323.100918	15	347	11	166	15	40	0.21
247	521	2	BG	short grass	chlorodoid	0	6	91407.131685	-3117348.503084	15	339	9	166	15	42	0.56
248	522	2	BG	tall grass	chlorodoid	0	6	91385.260666	-3117383.413396	15	333	8	155	15	40	1.73
249	523	2	BG	tall grass	chlorodoid	3	6	91367.100704	-3117415.379383	15	333	8	155	15	40	1.73
250	524	2	BG	tall grass	chlorodoid	0	6	91350.503231	-3117449.735576	15	328	7	143	15	48	-0.64
251	525	1	BG	tall grass	chlorodoid	0	6	91331.285158	-3117482.28811	15	328	7	130	15	47	-0.62
253	526	1	BG	tall grass	andropogonoid	0	6	91388.949521	-3117520.780875	15	323	8	135	15	48	0.6
254	527	2	BG	tall grass	andropogonoid	0	6	91390.201893	-3117563.597514	15	317	10	129	15	46	-0.53
255	528	2	BG	tall grass	chlorodoid	0	6	91373.096791	-3117594.382588	15	311	10	122	15	35	0.61
256	529	2	BG	tall grass	chlorodoid	0	6	91338.648957	-3117621.467445	15	319	8	129	15	37	-0.38
257	530	2	BG	tall grass	chlorodoid	0	6	91307.381566	-3117645.009566	15	314	8	133	15	40	-0.32
258	531	2	BG	tall grass	chlorodoid	1	6	91269.841999	-3117661.96372	15	318	7	156	5	30	-1.99
259	532	2	BG	tall grass	chlorodoid	0	6	91233.823975	-3117686.658748	15	311	9	179	15	49	-0.53
260	533	2	BG	tall grass	chlorodoid	0	6	91205.168535	-3117713.193824	15	311	9	179	15	49	-0.53
261	534	2	BG	tall grass	chlorodoid	0	6	91188.553729	-3117749.928188	15	302	9	177	15	42	0.11
262	535	2	BG	tall grass	chlorodoid	0	6	91165.103475	-3117784.826791	15	294	8	188	15	52	0.37
263	536	2	BG	tall grass	chlorodoid	0	6	91125.170711	-3117839.219299	15	285	9	184	15	41	0.79
264	537	2	BG	tall grass	chlorodoid	0	6	91100.662558	-3117874.704427	14	278	9	203	15	49	1.74
265	538	2	BG	tall grass	chlorodoid	0	6	91077.707844	-3117913.768671	14	276	11	195	15	40	-0.26
266	539	2	BG	tall grass	chlorodoid	2	6	91065.871705	-3117945.783531	14	264	12	206	15	45	1.4
267	540	2	BG	tall grass	chlorodoid	2	6	91051.923684	-3117978.37676	14	254	12	215	15	37	-0.73
268	541	2	BG	tall grass	panicoid	3	6	91038.51166	-3118009.784996	14	249	11	208	15	40	1.59
269	542	2	BG	tall grass	chlorodoid	3	6	91024.01876	-3118044.752297	14	241	7	207	15	40	2.15
270	543	2	BG	tall grass	chlorodoid	4	6	91006.950744	-3118071.970836	14	241	7	207	15	40	2.15
271	544	2	BG	tall grass	chlorodoid	2	6	90992.462546	-3118106.343601	14	236	2	157	15	42	6.34
272	545	2	BG	tall grass	panicoid	4	6	90971.175375	-3118134.124576	14	235	3	103	15	35	1.59
273	546	2	BG	tall grass	panicoid	4	6	90956.723666	-3118163.741362	14	235	3	103	15	35	1.59
274	547	2	BG	tall grass	panicoid	2	6	90934.977897	-3118182.600684	14	241	7	80	15	33	0.45
275	548	2	BG	tall grass	chlorodoid	2	6	90912.119546	-3118209.180663	14	241	7	80	15	33	0.45
276	549	2	BG	short grass	panicoid	2	6	90893.07617	-3118219.142578	14	249	10	80	15	30	-0.05
277	550	2	BG	tall grass	chlorodoid	3	6	90875.301308	-3118268.94851	14	251	9	81	15	31	-0.67
278	551	2	BG	tall grass	chlorodoid	2	6	90857.134085	-3118303.293367	14	252	8	91	15	36	-1.11
279	552	2	BG	tall grass	chlorodoid	2	6	90840.007867	-3118338.240794	14	256	7	133	15	37	-1.28
280	553	2	BG	tall grass	chlorodoid	2	6	90813.448588	-3118366.576332	14	256	7	133	15	37	-1.28
281	554	2	BG	patchy	chlorodoid	1	6	90800.523657	-3118403.339434	14	250	8	155	5	30	-2.11
282	555	2	BG	tall grass	chlorodoid	0	6	90784.951056	-3118441.86597	14	243	11	187	15	41	-0.83
283	556	2	BG	patchy	unclear	2	6	90766.807807	-3118472.049336	14	243	11	187	15	41	-0.83
284	557	2	BG	tall grass	chlorodoid	2	6	90750.803671	-3118498.087331	14	233	12	195	5	29	-2.39
285	558	2	BG	tall grass	chlorodoid	2	6	90727.351581	-3118533.581219	14	215	13	210	15	39	-1.85
286	559	2	BG	tall grass	chlorodoid	2	7	90711.847274	-3118563.190264	14	215	13	210	15	39	-1.85
287	560	2	BG	tall grass	chlorodoid	2	7	90696.919651	-3118586.263713	14	206	10	212	15	38	-1.61
288	561	2	BG	tall grass	panicoid	3	7	90688.836257	-3118609.983885	13	201	7	211	15	39	0.85
289	562	2	BG	tall grass	panicoid	3	7	90672.283024	-3118638.990387	13	197	4	209	15	42	1.78
290	563	2	BG	tall grass	panicoid	3	7	90654.635504	-3118673.339598	13	197	4	209	15	42	1.78
291	564	2	BG	tall grass	panicoid	3	5	90636.474826	-3118705.90122	13	196	1	89	15	34	3.17
292	565	2	BG	tall grass	panicoid	3	5	90625.135751	-3118742.081957	13	197	3	80	15	32	-0.21
293	566	2	BG	tall grass	chlorodoid	3	5	90577.392201	-3118785.120453	14	200	4	76	15	34	1.02
294	567	2	BG	tall grass	chlorodoid	3	5	90557.64695	-3118818.264635	14	200	4	76	15	34	1.02
295	568	2	BG	tall grass	chlorodoid	3	5	90533.687302	-3118851.376815	14	206	5	94	15	34	0.36
296	569	2	BG	tall grass	chlorodoid	3	5	90518.129644	-3118888.120191	14	204	6	116	5	25	-1.85
297	570	2	BG	tall grass	chlorodoid	3	5	90496.245863	-3118925.410128	14	201	8	118	15	46	-1.35
298	571	2	BG	tall grass	chlorodoid	3	5	90472.336264	-3118951.982799	14	207	6	119	15	36	-1.19
299	572	1	BG	tall grass	chlorodoid	3	5	90455.257193	-3118980.985699	14	204	6	121	15	36	-0.11
300	573	1	LG	short grass	unclear	3	5	90434.409323	-3119020.661702	14	208	5	134	15	38	-1.01
301	574	1	BG	tall grass	andropogonoid	1	5	90417.789555	-3119058.586237	14	205	4	131	15	38	-0.88
302	575	1	patchy	short grass	unclear	1	5	90397.500321	-3119094.104739	14	202	4	128	15	38	-0.85
303	576	1	LG	short grass	unclear	1	5	90374.590737	-3119127.819794	14	202	3	141	5	29	-1.16
304	577	2	LG	short grass	unclear	0	5	90359.547177	-3119166.35086	14	202	3	141	5	29	-1.16
305	578	2	LG	short grass	unclear	0	5	90330.280204	-3119204.774062	14	202	2	150	5	31	-0.66
306	579	2	LG	short grass	unclear	0	5	90316.862338	-3119237.372109	14	200	2	136	5	38	-1.04
307	580	2	LG	short grass	unclear	0	5	90282.881577	-3119272.192481	14	201	1	184	5	37	0.07
308	581	2	LG	short grass	unclear	0	5	90268.910084	-3119308.353576	14	200	2	167	5	33	-0.7
309	582	2	LG	short grass	unclear	0	5	90243.371821	-3119341.454447	14	197	3	192	5	32	-0.95
310	583	2	LG	short grass	unclear	0	5	90218.864745	-3119377.53577	14	194	3	181	15	46	-0.15
311	584	2	LG	short grass	unclear	0	5	90268.661835	-3119410.612907	13	193	3	164	5	35	-1.15
374	585	1	BG	tall grass	chlorodoid	2	2	96759.583658	-3116174.896735	7	178	3	131	5	28	-1.32
375	586	2	BG	tall grass	chlorodoid	2	2	96727.726231	-3116204.365812	9	180	3	139	5	29	-1.21
376	587	2	BG	tall grass	chlorodoid	2	2	96695.351669	-3116232.641655	10	179	4	161	5	31	-1.48
377	588	2	BG	tall grass	chlorodoid	2	2	96670.847539	-3116265.143251	10	179	4	161	5	31	-1.48
378	589	1	BG	tall grass	chlorodoid	2	2	96641.601143	-3116297.606456	10	175	6	162	15	51	0.38
379	590	1	BG	tall grass	unclear	2	2	96612.383807	-3116326.502718	9	169	7	152	15	49	-0.11
380	591	1	BG	tall grass	chlorodoid	2	2	96583.751331	-3116348.269069	10	173	6	140	15	48	-0.41
381	592	2	BG	tall grass	andropogonoid	2	2	96553.456333	-3116380.129479	9	168	6	127	15	44	-0.07
382	593	2	BG	tall grass	andropogonoid	3	2	96521.595148	-3116410.19355	10	173	5	124	15	47	-1.07
383	594	2	BG	tall grass	chlorodoid	3	2	96488.124482	-3116443.812032	10	175	4	131	15	38	-0.85
384	595	2	BG	tall grass	chlorodoid	2	2	96454.127073	-3116477.426342	10	172	4	136	15	42	-0.76
385	596	2	BG	tall grass	chlorodoid	2	2	96425.427934	-3116507.516236	10	174	3	157	5	34	-1.28
386	597	2	BG	tall grass	andropogonoid	2	2	96395.694327	-3116535.219704	10	171	4	191	5	32	-1.27
387	598	2	BG	tall grass	chlorodoid	2	2	96366.482971	-3116563.521968	10	171	4	191	5	32	-1.27
388	599	2	BG	tall grass	chlorodoid	2	2	96338.8333	-3116594.215045	10	165	6	214	15	39	-1.14
389	600	2	BG	tall grass	chlorodoid	2	2	96309.104911	-3116621.324255	10	165	6	214	15	39	-1.14
390	601	2	BG	tall grass	chlorodoid	2	2	96281.474724	-3116649.639488	9	155	8	209	15	49	-0.66
391	602	2	BG	tall grass	chlorodoid	0	2	96242.161333	-3116689.15692	9	146	4	201	15	41	3.35
392	603	2	BG	tall grass	chlorodoid	0	2	96213.999751	-3116718.062515	9	146	4	201	15	41	3.35
393	604	2	BG	tall grass	chlorodoid	2	2	96177.369329	-3116751.65632	8	140	0	-1	15	39	6.94
394	605	2	BG	tall grass	chlorodoid	2	2	96146.602265	-3116776.973802	8	139	0	-1	15	39	4.32
395	606	2	BG	tall grass	chlorodoid	3	2	96116.817248	-3116811.217497	7	141	0	45	15	35	3.9
396	607	2	BG	tall grass	chlorodoid	3	2	96083.367997	-3116842.458988	7	148	5	57	15	30	-0.19
397	608	2	BG	tall grass	chlorodoid	3	0	96058.402131	-3116867.228939	7	148	5	57	15	30	-0.19
398	609	2	BG	tall grass	andropogonoid	3	0	96030.25098	-3116894.94602	8	157	5	55	15	30	-0.99
399	610	2	BG	tall grass	andropogonoid	3	0	96001.041367	-3116923.249143	8	157	5	55	15	30	-0.99
400	611	2	BG	tall grass	andropogonoid	3	0	95964.418311	-3116955.059895	8	161	1	62	5	21	-0.32
401	612	2	BG	tall grass	andropogonoid	3	0	95939.461147	-3116979.830152	8	161	0	95	5	32	0.83
402	613	1	BG	tall grass	andropogonoid	3	0	95909.720275	-3117008.723714	7	161	0	95	5	32	0.83
403	614	1	LG	tall grass	unclear	3	2	95878.379728	-3117039.982715	8	161	0	165	15	50	1.85
404	615	1	patchy	tall grass	unclear	3	2	95848.097906	-3117070.655804	8	161	0	165	15	50	1.85
405	616	2	BG	tall grass	chlorodoid	3	2	95819.95251	-3117097.778786	8	161	1	184	5	34	-0.1
406	617	2	BG	tall grass	chlorodoid	3	2	95790.739112	-3117126.67698	7	158	4	188	15	53	1.27
407	618	1	BG	tall grass	chlorodoid	3	2	95767.905897	-3117148.491795	7	158	4	188	15	53	1.27
408	619	1	patchy	patchy	unclear	0	2	95738.175408	-3117176.196839	7	153	6	173	15	53	1.01
21	620	2	LG	tall grass	unclear	2	2	96260.178123	-3135908.984547	10	55	0	-1	15	39	5.67
22	621	2	LG	tall grass	unclear	2	0	95998.908138	-3135884.269019	9	43	0	-1	15	39	4.94
25	622	2	LG	short grass	andropogonoid	0	2	95012.73856	-3136375.744939	10	41	0	-1	15	39	5.95
29	623	2	LG	short grass	andropogonoid	0	2	94902.023663	-3136471.175886	10	48	0	-1	15	39	5.87
34	624	3	LG	short grass	unclear	2	4	101184.36062	-3114775.764622	11	104	0	-1	15	39	4.83
47	625	3	LG	short grass	unclear	1	2	96866.894004	-3132612.906386	11	89	4	147	5	30	-1.55
53	626	2	LG	short grass	unclear	0	4	101276.811944	-3116115.494773	7	103	0	-1	15	39	5.14
57	627	2	LG	short grass	unclear	2	4	103036.144229	-3115598.433688	6	143	0	126	15	41	7.97
65	628	3	LG	short grass	unclear	2	2	101777.074606	-3120353.62814	13	215	0	-1	15	39	4.5
72	629	3	LG	short grass	unclear	1	2	96843.551591	-3131669.737391	13	120	3	297	5	31	-1.11
1	630	1	LG	tall grass	unclear	3	4	100546.149435	-3116793.777818	8	130	0	-1	15	39	3.69
2	631	1	BG	tall grass	unclear	3	4	100464.109468	-3116815.252902	7	134	0	-1	15	39	3.4
3	632	1	LG	tall grass	unclear	3	4	100347.643855	-3116841.980392	8	140	0	-1	15	39	4.09
4	633	1	Patchy	tall grass	unclear	3	4	100229.557934	-3116866.847782	8	150	4	87	15	33	1.63
5	634	1	LG	tall grass	unclear	3	4	100119.736038	-3116882.549967	8	160	6	93	15	33	0.85
6	635	1	LG	tall grass	unclear	3	4	100008.21412	-3116905.62816	8	175	8	84	15	35	0.14
7	636	1	BG	tall grass	unclear	3	4	99838.422662	-3117044.593254	8	210	11	128	15	36	-1.71
8	637	1	BG	tall grass	unclear	3	2	99781.682466	-3116977.618093	8	219	4	119	5	27	-1.4
9	638	1	BG	tall grass	unclear	3	2	99657.144412	-3116991.354821	8	221	1	188	5	42	-0.17
10	639	1	BG	tall grass	chlorodoid	2	2	99538.75318	-3117053.17048	8	213	3	232	5	28	-1.3
11	640	1	BG	tall grass	panicoid	3	2	99422.07659	-3117105.76694	8	213	2	51	5	20	-1.05
12	641	1	BG	tall grass	chlorodoid	3	2	99297.601983	-3117112.117525	8	215	5	345	5	15	-1.5
13	642	1	BG	tall grass	chlorodoid	2	2	99185.915008	-3117155.520961	8	205	7	307	15	28	-0.58
14	643	1	BG	tall grass	unclear	1	2	99054.723904	-3117182.138333	8	200	5	308	15	29	-1.02
15	644	1	LG	tall grass	unclear	1	0	98923.410794	-3117223.53461	8	187	5	296	5	21	-1.56
16	645	1	Patchy	tall grass	unclear	1	0	98803.664169	-3117252.096164	8	182	4	307	15	36	1.86
17	646	1	BG	tall grass	unclear	3	0	98680.613905	-3117284.326725	9	178	3	332	15	34	2.25
18	647	1	BG	tall grass	chlorodoid	2	0	98562.521143	-3117311.057872	10	177	2	7	15	35	3.07
19	648	1	BG	short grass	chlorodoid	2	0	98439.456966	-3117345.138348	11	180	0	124	5	28	0.59
20	649	1	BG	tall grass	chlorodoid	1	0	98322.880842	-3117386.661719	10	178	2	212	15	51	-0.15
22	651	1	BG	tall grass	andropogonoid	2	2	0	0	0	0	0	0	0	0	0
23	652	1	BG	tall grass	andropogonoid	3	2	97978.249668	-3117489.114933	7	156	1	13	15	26	2.75
24	653	1	BG	tall grass	chlorodoid	1	2	97848.656204	-3117521.300126	7	160	3	21	5	16	-1.25
25	654	1	BG	tall grass	chlorodoid	1	2	97725.581335	-3117557.235319	8	164	2	358	15	28	0.13
26	655	1	BG	tall grass	chlorodoid	1	2	97618.922462	-3117587.763462	8	163	2	287	5	23	-0.93
27	656	1	LG	short grass	unclear	1	2	97497.500454	-3117621.866919	7	154	7	270	15	43	-0.25
28	657	1	BG	tall grass	chlorodoid	3	2	97379.353723	-3117655.997243	5	140	0	-1	15	39	3.4
29	658	1	BG	tall grass	chlorodoid	1	0	97226.832087	-3117689.849328	5	145	1	7	15	27	1.72
30	659	1	BG	tall grass	unclear	3	2	97103.685797	-3117735.025917	6	151	3	23	15	36	3.52
31	660	1	Patchy	tall grass	unclear	3	2	96980.675774	-3117763.578857	6	156	2	56	15	39	1.33
32	661	1	Patchy	tall grass	unclear	3	2	96870.687305	-3117801.475676	6	160	1	86	15	39	1.52
33	662	1	BG	tall grass	chlorodoid	3	2	96749.329854	-3117828.197924	6	164	2	87	15	39	1.12
34	663	1	LG	tall grass	unclear	1	2	96627.779262	-3117878.933899	6	172	3	29	5	17	-1.27
35	664	1	Patchy	tall grass	unclear	2	2	96524.429798	-3117905.804428	8	173	4	336	5	19	-1.39
36	665	1	LG	tall grass	unclear	3	2	96412.851836	-3117938.150881	8	169	5	290	5	21	-1.56
37	666	1	BG	tall grass	panicoid	3	2	96304.562901	-3117968.677362	8	160	3	274	15	35	0.38
38	667	1	BG	tall grass	andropogonoid	1	2	96201.215037	-3117995.550654	8	159	1	37	15	31	1.55
39	668	1	BG	tall grass	panicoid	1	2	96114.265646	-3118018.863046	8	162	2	42	15	32	-0.07
40	669	1	Patchy	tall grass	unclear	1	2	95991.246381	-3118049.273513	8	159	7	274	15	32	-1.08
41	670	1	BG	tall grass	andropogonoid	1	2	95884.47795	-3118094.594364	12	141	2	269	20	42	4.27
43	671	1	LG	tall grass	unclear	3	0	95554.711114	-3118186.15263	11	147	1	74	15	33	1.56
44	672	1	BG	tall grass	unclear	2	0	95556.3483	-3118186.16576	11	147	1	74	15	33	1.56
45	673	1	BG	tall grass	unclear	1	0	95443.257068	-3118203.731724	11	154	3	49	15	32	0.19
46	674	1	Patchy	tall grass	unclear	2	2	95320.07911	-3118254.466575	11	160	2	24	5	17	-0.77
47	675	1	Patchy	tall grass	unclear	1	2	95218.38717	-3118279.515015	11	162	2	335	5	17	-0.78
48	676	1	BG	tall grass	unclear	2	2	95108.409583	-3118317.427831	11	157	4	306	15	38	0.85
49	677	1	Patchy	short grass	unclear	2	2	94985.322684	-3118357.083582	11	146	3	299	15	30	1.86
34	678	1	BG	tall grass	Andropogonoid	2	2	77958.924454	-3123025.256869	6	119	2	88	15	34	-0.05
35	679	1	patchy	patchy	Panicoid	2	2	77793.242316	-3123074.709767	6	120	0	231	15	39	3.06
36	680	1	BG	tall grass	Panicoid	0	2	77643.870486	-3123126.649769	5	120	0	124	15	43	1.07
38	681	2	LG	short grass	Unclear	1	2	77383.571803	-3123230.785291	6	122	0	97	15	40	1.94
39	682	2	LG	short grass	Unclear	1	2	77243.175101	-3123279.815688	6	124	0	94	15	38	3.46
40	683	2	LG	short grass	Unclear	1	2	77117.516221	-3123330.132455	6	126	1	112	5	30	-0.43
41	684	2	BG	patchy	Andropogonoid		4	73176.83972	-3130611.744136	12	236	0	312	15	32	3.66
43	685	2	BG	patchy	Andropogonoid		4	73221.159051	-3130593.586315	12	237	2	292	15	32	0.01
44	686	2	BG	short grass	Andropogonoid		5	73264.919211	-3130580.776173	12	240	3	289	5	21	-1.19
45	687	2	BG	tall grass	Andropogonoid		5	73305.547635	-3130563.784928	12	241	4	297	15	31	1.63
46	688	2	BG	tall grass	Andropogonoid		5	73349.867353	-3130545.627581	12	246	6	292	15	32	1.2
47	689	2	BG	tall grass	Andropogonoid		5	73390.477638	-3130531.609345	12	246	6	292	15	32	1.2
1	690	2	BG	tall grass	Andropogonoid	0	2	104769.258557	-3107970.756182	17	321	2	36	5	19	-0.74
3	691	2	BG	tall grass	Andropogonoid	0	2	104618.001197	-3108201.91876	18	296	8	171	5	33	-1.87
5	692	2	BG	tall grass	Andropogonoid	0	6	111019.789635	-3104962.529154	19	182	0	87	5	32	0.5
7	693	2	BG	tall grass	Andropogonoid	0	0	111403.608393	-3104982.741955	16	143	0	123	5	30	0.33
9	694	2	BG	short grass	unclear	0	0	102362.033674	-3110736.764555	19	258	7	174	5	33	-1.71
11	695	2	BG	tall grass	unclear	0	0	102672.668156	-3110110.350642	17	280	3	43	15	28	-0.65
13	696	2	BG	tall grass	Andropogonoid	1	2	101667.108696	-3106464.063011	12	480	7	228	5	27	-1.98
14	697	2	BG	tall grass	Andropogonoid	1	2	99843.697726	-3124247.196765	15	260	2	294	5	22	-0.72
16	698	2	BG	tall grass	Andropogonoid	0	2	93870.34503	-3122194.78333	18	302	3	167	15	47	-0.32
17	699	2	BG	patchy	Chlorodoid	2	4	101335.901955	-3114734.377486	11	105	0	-1	15	39	4.98
19	700	2	BG	patchy	Chlorodoid	1	0	100920.78283	-3120252.26455	13	213	1	304	20	44	1.41
20	701	2	BG	patchy	Chlorodoid	2	2	97457.870204	-3125248.914398	19	161	1	136	15	40	-0.31
22	702	2	BG	patchy	Andropogonoid	2	6	110439.369768	-3105612.41639	17	160	11	76	15	30	-0.53
242	703	2	BG	tall grass	Andropogonoid	2	4	72008.981726	-3131573.727467	14	273	2	58	15	36	0.86
244	704	2	BG	tall grass	Andropogonoid	3	4	72265.356488	-3131989.10035	10	270	2	73	15	36	1.2
296	705	2	BG	tall grass	Andropogonoid	3	2	75522.656573	-3125698.726136	6	178	0	223	15	47	5.11
298	706	2	BG	tall grass	Andropogonoid	3	2	75516.43641	-3125682.039007	6	178	0	223	15	47	5.11
300	707	2	BG	tall grass	Andropogonoid	2	2	82054.888444	-3133552.329018	12	234	10	51	15	27	-0.26
13	708	2	BG	tall grass	Andropogonoid	2	2	98453.619288	-3120345.178268	13	288	7	106	15	42	0.17
1	709	2	BG	tall grass	Chlorodoid	1	2	101088.514508	-3120537.31014	11	220	3	332	20	32	4.07
3	710	2	BG	tall grass	Andropogonoid	1	6	109887.885816	-3107196.122996	15	187	17	250	5	22	-2.75
5	711	2	BG	patchy	Andropogonoid	1	6	110811.833614	-3103151.225002	16	276	9	210	15	38	-1.49
7	712	1	BG	patchy	Chlorodoid	2	4	101340.094512	-3114736.196854	11	105	0	-1	15	39	4.98
9	713	2	BG	tall grass	Chlorodoid	2	0	100945.668384	-3120175.177875	12	212	1	301	20	44	1.5
11	714	1	BG	tall grass	Unclear	2	2	97421.93536	-3125328.890078	19	158	0	197	15	45	4.27
13	715	2	BG	tall grass	Andropogonoid	2	2	101250.692903	-3109677.252748	18	160	1	156	5	32	-0.37
15	716	2	BG	tall grass	Andropogonoid	0	0	110366.274991	-3105874.557343	18	198	4	326	5	17	-1.47
17	717	2	BG	tall grass	Unclear	1	2	103497.63051	-3105496.29767	10	460	6	107	15	34	-1.1
19	718	2	BG	tall grass	Unclear	1	2	103676.44083	-3105373.575029	11	420	19	48	15	32	-1.63
21	719	1	BG	tall grass	Chlorodoid	4	4	101079.954862	-3114959.935721	11	100	0	-1	15	39	4.7
23	720	2	BG	tall grass	Chlorodoid	0	2	102926.527893	-3112895.231761	11	156	9	33	5	15	-2.19
25	721	2	BG	tall grass	Andropogonoid	0	2	99829.340592	-3124263.724983	15	260	2	294	5	22	-0.72
27	722	2	BG	tall grass	chlorodoid	2	2	100430.262948	-3121511.040131	11	212	4	113	15	43	1.7
29	723	2	BG	tall grass	Andropogonoid	0	2	93876.180419	-3122189.478061	18	302	3	167	15	47	-0.32
31	724	2	BG	tall grass	Andropogonoid	4	2	98441.106145	-3120393.236825	13	292	5	110	15	36	-0.98
24	725	2	BG	tall grass	chlorodoid	2	1	108640.495666	-3108895.404331	10	112	0	-1	15	39	3.91
25	726	2	BG	tall grass	unclear	2	2	106105.983597	-3108335.727701	13	247	5	77	15	32	1.64
26	727	2	BG	tall grass	andropogonoid	0	2	104794.724944	-3107953.141332	17	321	2	36	5	19	-0.74
27	728	2	BG	tall grass	andropogonoid	1	2	104827.855996	-3107963.539689	17	317	7	70	5	20	-1.91
28	729	2	BG	tall grass	unclear	0	0	102478.00552	-3110000.464593	17	284	2	346	5	16	-0.78
29	730	2	BG	tall grass	unclear		0	102489.097155	-3109998.181325	17	284	2	346	5	16	-0.78
30	731	2	BG	patchy	unclear	2	2	102416.215917	-3110012.42145	18	282	3	290	5	21	-1.05
31	732	2	BG	tall grass	andropogonoid	2	2	102223.034228	-3111886.110475	14	140	0	-1	15	39	5.42
32	733	2	BG	short grass	chlorodoid		2	102680.637419	-3108506.806079	17	393	6	137	5	28	-1.88
33	734	2	BG	short grass	chlorodoid		2	102663.749524	-3108508.44495	17	393	6	137	5	28	-1.88
34	735	2	BG	tall grass	chlorodoid	2	2	100409.333997	-3122680.436404	13	240	2	227	5	29	-1.01
35	736	2	BG	tall grass	chlorodoid	1	2	99684.220724	-3124111.479575	15	247	4	300	15	35	0.37
36	737	2	BG	short grass	chlorodoid	0	2	95761.086511	-3129781.38112	10	201	0	129	15	47	0.89
37	738	2	BG	short grass	andropogonoid	0	6	110391.751349	-3107286.978163	17	116	0	-1	15	39	4.09
38	739	2	BG	short grass	andropogonoid	0	6	109972.06929	-3106586.23809	17	204	3	100	5	33	-1
39	740	2	BG	tall grass	unclear	2	2	96085.456031	-3116267.78278	12	185	1	101	5	26	-0.31
40	741	2	LG	patchy	unclear	1	2	95594.934516	-3116259.084177	12	201	0	34	15	33	1.28
41	742	2	BG	tall grass	unclear	2	7	95046.156447	-3116154.808194	1	200	0	62	20	41	5.18
42	743	2	LG	short grass	unclear	0	0	95223.690786	-3116358.977166	12	201	0	291	5	22	0.6
43	744	2	LG	baresoil\short	unclear	1	2	95201.855015	-3116651.932318	9	187	4	163	15	42	0.54
44	745	2	LG	baresoil\short	unclear	1	2	95201.627175	-3116680.470471	9	184	2	146	15	43	0.84
45	746	2	LG	baresoil\short	unclear	1	2	95193.472148	-3116711.918279	9	185	2	166	5	33	-0.56
46	747	2	LG	baresoil\short	unclear	1	2	95173.146377	-3116749.809442	9	184	1	145	5	36	-0.24
47	748	2	LG	baresoil\short	unclear	1	2	95159.200385	-3116780.616429	9	183	1	124	15	46	0.7
48	749	2	LG	short grass	unclear	0	5	94888.117068	-3116811.158237	9	179	1	296	15	32	0.28
49	750	2	LG	tall grass	unclear	0	5	94294.759285	-3117349.304503	7	180	2	309	5	28	-0.85
50	751	2	LG	short grass	unclear	0	5	94332.679605	-3117351.388291	10	180	0	331	5	18	0.61
51	752	2	LG	tall grass	unclear	1	5	94420.233724	-3117340.189773	10	178	3	128	15	46	-0.41
52	753	2	LG	patchy	unclear	1	5	94313.895955	-3117594.42381	10	170	3	176	15	44	0.45
53	754	2	LG	short grass	unclear	0	5	94855.703202	-3117043.976807	9	175	4	223	15	47	-0.15
54	755	2	patchy	patchy	unclear		2	96287.678311	-3118501.489152	8	180	0	9	5	18	0.76
55	756	2	LG	short grass	unclear	4	0	97282.306278	-3118962.049789	12	219	3	219	5	29	-1.18
56	757	2	BG	short grass	unclear	1	2	97518.648558	-3118857.550454	8	222	1	330	5	18	-0.09
57	758	2	BG	patchy	chlorodoid	0	2	98036.488042	-3119184.068123	9	246	2	3	15	25	-0.08
58	759	2	BG	tall grass	unclear	1	2	98396.083869	-3119913.028972	14	292	9	83	15	41	-0.59
59	760	2	BG	short grass	andropogonoid	2	2	98582.006119	-3120553.753337	13	264	6	129	5	27	-1.8
60	761	2	BG	tall grass	andropogonoid	2	2	99071.863761	-3120368.143786	12	242	0	261	5	26	0.65
61	762	2	BG	tall grass	chlorodoid	2	0	99741.700379	-3119954.546622	12	203	3	76	15	32	-0.33
62	763	2	patchy	patchy	chlorodoid	2	0	100005.516714	-3119967.461664	9	203	5	333	15	30	0.88
63	764	2	BG	short grass	chlorodoid	1	0	100318.547481	-3120016.472824	11	208	4	18	15	28	-0.74
64	765	2	LG	patchy	unclear	1	0	100731.264702	-3119988.442937	12	195	5	355	20	39	3.37
65	766	2	LG	patchy	unclear	1	0	100890.448636	-3119915.465857	13	192	7	316	15	27	0.91
66	767	2	LG	patchy	unclear	1	0	100488.037748	-3120095.199206	11	210	4	36	15	36	0.66
67	768	2	BG	tall grass	chlorodoid	2	2	101734.366239	-3119979.131616	12	217	0	225	20	50	5.75
68	769	2	LG	patchy	chlorodoid	1	4	101286.198329	-3116181.196396	8	103	0	-1	20	44	4.94
69	770	2	LG	patchy	chlorodoid	1	4	101246.260842	-3116105.938433	6	103	0	-1	15	39	5.14
17	771	2	BG	short grass	andropogonoid	2	3	92426.598795	-3143633.895413	14	104	4	83	15	33	0.08
16	772	2	LG	short grass	unclear	0	3	92590.257898	-3143212.442218	14	98	3	114	5	36	-1.2
18	773	1	LG	short grass	unclear	2	3	92444.167802	-3143404.530774	14	101	0	340	5	20	0.39
14	774	2	LG	patchy	unclear	2	2	95421.050608	-3138257.262667	6	40	0	-1	15	39	5.91
9	775	2	BG	patchy	chlorodoid	0	2	101466.782889	-3120292.712408	14	235	6	78	15	39	-0.99
10	776	2	BG	tall grass	andropogonoid	2	2	98909.971814	-3120514.370762	12	259	5	34	5	17	-1.64
11	777	2	BG	tall grass	andropogonoid	0	2	98539.028464	-3119697.345856	14	283	6	75	5	21	-1.73
46	778	2	BG	patchy	panicoid	2	0	94122.445699	-3143265.586173	13	135	7	319	15	27	-1.36
23	779	2	LG	short grass	unclear	2	9	89994.629503	-3143824.384602	10	63	0	-1	15	39	4.38
24	780	2	LG	short grass	unclear	2	9	90123.690132	-3143790.885038	11	62	0	-1	15	39	4.55
25	781	2	LG	short grass	unclear	2	9	90128.807442	-3143740.386347	11	62	0	-1	15	39	4.09
26	782	2	LG	short grass	unclear	2	2	87171.137588	-3144436.392307	11	61	0	-1	15	39	5.94
19	783	2	LG	short grass	unclear	2	9	91992.587901	-3142926.540186	11	53	0	-1	15	39	6.43
20	784	2	LG	short grass	unclear	2	9	92047.588042	-3142818.163663	11	62	0	-1	15	39	12.84
21	785	2	LG	short grass	unclear	2	9	92141.556217	-3142971.699806	11	58	0	-1	15	39	4.5
22	786	1	BG	tall grass	andropogonoid	3		91049.227374	-3144168.40271							
15	787	2	LG	short grass	unclear	0	1	95378.141142	-3139924.676367	14	35	0	-1	15	39	5.72
12	788	2	BG	tall grass	andropogonoid	2	2	98272.691576	-3117177.797803	10	182	0	211	5	36	0.6
13	789	2	BG	tall grass	andropogonoid	3	4	100896.893228	-3116609.324992	8	118	0	-1	20	44	4.32
27	790	2	LG	short grass	unclear	2	2	87294.630856	-3144726.85491	11	63	0	-1	20	44	5.84
40	791	2	BG	tall grass	chlorodoid	2	2	102277.695376	-3112532.898001	12	157	5	50	15	39	-0.29
3	792		LG	short grass	unclear		6	97313.236775	-3113614.510719	14	223	2	71	5	22	-0.95
62	793	2	LG	patchy	unclear	0	5	75035.942014	-3131943.273632	10	223	0	64	5	22	0.63
63	794	2	LG	patchy	unclear	0	5	75010.91643	-3131989.488489	10	222	1	155	5	32	-0.55
64	795	2	LG	patchy	unclear	0	5	75027.559567	-3132020.509332	10	222	1	155	5	32	-0.55
76	796	2	LG	short grass	unclear	2	2	76321.192163	-3135100.712907	10	180	0	266	15	43	4.19
77	797	2	LG	short grass	unclear	2	2	76292.473714	-3135148.684971	10	179	1	283	15	41	3.53
78	798	2	LG	short grass	unclear	2	2	76299.417276	-3135214.128327	10	181	0	309	15	33	1.61
32	799	1	LG	short grass	unclear	2	5	93475.446564	-3118937.120155	12	180	7	273	15	34	0.11
48	800	1	LG	patchy	unclear	2	0	70723.604412	-3135620.048308	10	227	2	157	5	32	-0.91
49	801	1	LG	patchy	unclear	2	7	70839.559159	-3135583.286633	10	224	1	119	5	28	-0.6
50	802	1	LG	patchy	unclear	2	0	70767.835094	-3135701.168154	10	223	0	169	15	43	0.91
51	803	2	LG	short grass	unclear	2	7	70034.751332	-3136725.930584	15	201	1	134	15	39	0.28
52	804	2	LG	short grass	unclear	2	7	69977.72055	-3136852.227039	14	200	0	109	15	47	2.26
53	805	2	LG	short grass	unclear	2	7	70066.490081	-3136873.560855	15	198	1	90	15	42	3.64
39	806	2	BG	tall grass	andropogonoid	2	6	110181.633937	-3107062.997	17	156	10	89	15	31	0.07
38	807	2	BG	tall grass	andropogonoid	0	9	110829.97398	-3107899.600348	11	120	0	-1	20	44	10.86
41	808	1	BG	tall grass	chlorodoid	2	2	101448.602345	-3112148.282022	7	115	0	-1	15	39	4.65
36	809	2	LG	short grass	unclear	2	0	100271.658389	-3119833.099305	10	198	4	10	15	25	1.28
28	810	2	BG	tall grass	andropogonoid	2		94072.490599	-3116249.711389	3	188	11	126	15	36	-1.69
29	811	2	BG	tall grass	chlorodoid	3	6	96593.085857	-3114740.087235	15	211	4	271	15	36	0.11
30	812	2	BG	tall grass	andropogonoid	3	2	94109.95172	-3118713.809742	10	168	5	60	15	30	0.11
34	813	2	BG	tall grass	andropogonoid	0	2	92413.297779	-3120502.595205	11	245	1	168	5	33	-0.48
35	814	1	BG	tall grass	andropogonoid	4	2	98610.180258	-3125919.40517	16	200	3	297	15	38	0.67
37	815	2	LG	short grass	unclear	2	0	100211.360198	-3119861.725095	10	198	4	3	15	24	1.36
8	816	2	BG	tall grass	andropogonoid	1	2	93620.658066	-3128793.543176	11	182	0	43	5	19	0.57
82	817	2	BG	short grass	andropogonoid	3	2	84503.010839	-3133206.774194	10	268	9	152	15	48	-1.53
81	818	2	BG	tall grass	chlorodoid	0	2	84183.337437	-3133467.28655	9	242	4	150	5	38	-1.34
57	819	2	BG	tall grass	andropogonoid	2	0	80665.313066	-3127428.488953	8	101	2	150	10	36	-0.82
83	820	2	BG	tall grass	unclear	3	2	81221.907553	-3128331.219075	7	101	1	115	15	42	3.45
46	821	2	BG	patchy	panicoid	2	4	72918.02644	-3129517.475281	12	217	0	33	15	30	2.35
47	822	2	BG	tall grass	andropogonoid	2	4	72479.42497	-3131868.507373	10	260	1	47	5	20	-0.6
42	823	1	BG	tall grass	chlorodoid	3	0	101510.488455	-3113735.680217	11	154	8	270	10	28	-1.13
65	824	2	BG	tall grass	andropogonoid	3	2	76834.231531	-3132896.531869	6	224	0	13	5	19	0.47
66	825	2	BG	patchy	andropogonoid	2	2	77649.131237	-3132442.270381	8	216	6	54	15	29	-1.15
61	826	2	BG	tall grass	chlorodoid	3	2	77383.433595	-3130581.432736	8	160	2	69	5	25	-0.8
80	827	2	BG	tall grass	andropogonoid	2	2	81365.271289	-3132447.582168	12	193	5	244	15	46	-0.21
43	828	2	LG	short grass	unclear	2	5	73318.733521	-3128895.100459	11	222	0	344	5	19	0.71
44	829	2	LG	short grass	unclear	2	5	73230.680835	-3129004.543544	11	221	0	275	15	37	3.43
45	830	2	LG	short grass	unclear	2	5	73354.423188	-3128996.984504	11	223	0	312	15	33	2.99
73	831	2	LG	short grass	unclear	2	2	81291.388229	-3122482.686196	8	110	2	142	15	42	0.89
74	832	2	LG	short grass	unclear	2	2	81267.939825	-3122522.953964	8	110	2	142	15	42	0.89
75	833	2	LG	short grass	unclear	2	2	81213.092198	-3122533.875449	8	109	3	152	15	42	2.27
4	834	1	unclear	short grass	unclear	2	0	89161.66428	-3132620.206999	12	64	0	-1	15	39	14.13
5	835	1	unclear	tall grass	unclear	2	0	89076.057822	-3132667.721819	11	62	0	-1	15	39	5.22
6	836	1	unclear	patchy	unclear	2	0	89152.511541	-3132717.644402	12	61	0	-1	15	39	14.13
67	837	2	LG	short grass	unclear	2	2	82397.805845	-3122954.627968	9	101	0	254	5	29	0.71
68	838	2	LG	short grass	unclear	2	2	82564.99501	-3122995.621095	9	102	0	196	15	46	1.04
69	839	2	LG	short grass	unclear	2	2	82489.579973	-3123086.655709	9	100	0	203	15	47	2.43
60	840	2	LG	patchy	unclear	2	0	78589.00301	-3128941.318699	7	153	4	269	15	37	0.3
58	841	2	LG	patchy	unclear	2	2	78686.526085	-3128999.039955	7	160	2	249	5	27	-0.83
59	842	2	LG	patchy	unclear	2	2	78600.094464	-3129015.113926	7	157	4	251	5	26	-1.32
70	843	2	BG	tall grass	andropogonoid	2	7	81955.774664	-3122597.827704	8	100	1	136	15	42	0.61
71	844	2	BG	tall grass	andropogonoid	2	7	81846.847772	-3122507.898158	8	102	1	253	5	31	-0.39
72	845	2	other	tall grass	unclear	4	7	81627.776688	-3122351.220317	8	100	0	68	15	34	1.19
79	846	2	BG	tall grass	andropogonoid	2	2	76123.378798	-3134937.132005	9	177	2	229	15	47	0.41
84	847	1	LG	short grass	unclear	4	2	80018.40129	-3128040.046955	7	118	1	46	15	38	0.8
85	848	1	LG	short grass	unclear	4	2	81132.042074	-3123992.29976	8	99	0	115	15	42	4.16
33	849	1	LG	short grass	unclear	4	0	93705.325048	-3119048.917572	12	213	5	306	15	30	-1.05
54	850	2	LG	short grass	unclear	0	4	72731.386415	-3128881.973644	12	210	6	73	15	38	1.6
55	851	2	LG	short grass	unclear	2	2	70406.16025	-3123507.781378	17	284	1	40	10	27	0.35
56	852	2	LG	short grass	unclear	2	2	71592.294452	-3123208.687679	13	187	4	149	15	40	0.54
7	853	1	BG	tall grass	unclear	2	0	89864.81561	-3131634.400964	9	60	0	-1	15	39	5.11
3	854	1	LG	short grass	unclear	2	4	101395.22567	-3116258.006133	8	100	0	-1	15	39	4.83
4	855	2	LG	short grass	unclear	3	4	101432.364376	-3116228.594129	8	99	0	-1	15	39	4.87
5	856	1	patchy	patchy	unclear	3	4	101480.00165	-3116204.027905	5	99	0	-1	15	39	5.08
6	857	1	patchy	short grass	unclear	2	4	101516.289297	-3116150.826384	6	98	0	-1	15	39	4.98
7	858	1	BG	tall grass	chlorodoid	2	4	101546.613763	-3116117.194781	6	98	0	-1	15	39	5.3
8	859	1	patchy	patchy	unclear	2	4	101580.515629	-3116096.673902	6	98	0	-1	15	39	5.3
9	860	1	BG	tall grass	panicoid	3	4	101628.224678	-3116063.785113	6	98	0	-1	15	39	5.52
10	861	1	BG	tall grass	panicoid	3	4	101652.074236	-3116047.935202	5	98	0	-1	20	44	11.29
11	862	1	LG	short grass	unclear	0	4	101683.954858	-3116017.289983	5	98	0	-1	15	39	5.14
12	863	1	BG	tall grass	chlorodoid	0	4	101716.403165	-3115981.893023	6	98	0	-1	15	39	11.29
13	864	1	LG	short grass	unclear	2	4	101741.909953	-3115957.139162	6	98	0	-1	15	39	5.97
14	865	1	BG	tall grass	chlorodoid	2	4	101772.777719	-3115921.728973	6	100	0	-1	15	39	5.22
15	866	1	LG	short grass	unclear	2	4	101812.031319	-3115891.741402	6	102	0	-1	15	39	11.3
16	867	1	BG	tall grass	chlorodoid	2	4	101842.823304	-3115865.249215	6	106	0	-1	15	39	5.67
17	868	2	BG	patchy	chlorodoid	2	7	101880.55733	-3115828.114164	6	108	0	-1	15	39	11.32
18	869	2	BG	short grass	andropodonoid	2	7	101917.217336	-3115793.348433	6	115	0	-1	15	39	11.33
19	870	2	BG	short grass	andropodonoid	1	7	101952.25093	-3115763.919861	6	120	0	-1	15	39	11.33
20	871	2	BG	tall grass	chlorodoid	1	7	101989.939858	-3115732.135817	6	120	0	-1	15	39	11.33
21	872	2	BG	tall grass	chlorodoid	2	7	102031.839625	-3115700.982534	6	123	0	-1	15	39	11.34
22	873	2	BG	tall grass	chlorodoid	2	7	102076.481305	-3115657.367069	6	125	0	-1	15	39	11.34
23	874	2	BG	patchy	andropodonoid	1	7	102113.643934	-3115625.579001	6	127	0	-1	15	39	5.16
24	875	2	BG	patchy	chlorodoid	1	7	102147.655121	-3115592.574802	6	132	0	-1	20	44	5.94
25	876	2	BG	tall grass	unclear	1	7	102181.600272	-3115567.299475	6	131	0	-1	20	44	11.36
26	877	2	BG	tall grass	andropodonoid	1	7	102222.974152	-3115536.142323	6	136	0	-1	15	39	5.22
27	878	2	BG	patchy	andropodonoid	1	7	102265.949569	-3115502.620761	6	138	0	315	15	35	4.92
28	879	2	BG	short grass	andropodonoid	1	7	102314.276582	-3115459.632359	6	136	1	315	15	35	1.81
29	880	2	BG	short grass	andropodonoid	2	7	102373.189453	-3115411.383812	6	134	1	315	15	35	2.27
30	881	2	BG	patchy	andropodonoid	1	4	102429.488315	-3115360.734924	6	137	2	301	15	33	2.4
31	882	2	BG	patchy	andropodonoid	1	4	102485.848952	-3115302.952091	6	142	4	304	15	30	0.01
32	883	2	BG	patchy	unclear	1	4	102551.603899	-3115255.952416	6	151	7	332	10	21	-1.2
33	884	1	BG	patchy	chlorodoid	2	4	102607.924708	-3115202.926232	6	145	3	354	10	21	-0.39
34	885	1	LG	short grass	unclear	2	4	102674.202558	-3115156.526212	6	138	0	-1	15	39	2.71
35	886	2	LG	short grass	unclear	2	4	102731.583495	-3115102.915189	6	131	0	-1	15	39	2.71
36	887	1	patchy	patchy	unclear	1	4	102788.959815	-3115049.899013	6	123	0	-1	15	39	3.81
38	888	1	BG	tall grass	chlorodoid	2	4	102852.665757	-3114996.34304	6	116	0	-1	15	39	4.25
39	889	1	LG	short grass	unclear	4	4	102924.845318	-3114938.10393	6	113	0	-1	15	39	4.09
40	890	1	patchy	short grass	unclear	3	4	102981.696288	-3114885.084095	6	112	0	-1	15	39	4.01
41	891	1	BG	patchy	chlorodoid	3	4	103045.337215	-3114839.257784	6	111	0	-1	15	39	4.17
42	892	1	patchy	short grass	unclear	3	4	103095.389469	-3114780.234035	6	109	0	-1	15	39	8.49
43	893	1	patchy	short grass	unclear	3	4	103157.87458	-3114746.289606	5	108	0	-1	15	39	5.81
44	894	1	patchy	short grass	unclear	4	4	103226.859066	-3114692.186651	5	106	0	-1	15	39	6.19
45	895	1	LG	short grass	unclear	4	4	103289.509715	-3114639.218271	5	104	0	-1	15	39	5.95
46	896	1	BG	short grass	chlorodoid	4	4	103326.869261	-3114585.436638	5	103	0	-1	15	39	5.89
47	897	2	BG	tall grass	panicoid	3	4	103404.421719	-3114515.950233	5	99	0	-1	15	39	5.87
48	898	2	BG	tall grass	panicoid	3	4	103449.362768	-3114499.692024	5	100	0	-1	15	39	5.44
49	899	2	BG	tall grass	chlorodoid	3	2	103496.508966	-3114411.511174	5	100	0	-1	15	39	5.35
50	900	2	BG	tall grass	chlorodoid	3	2	103596.121289	-3114351.135594	6	99	0	-1	20	44	5.35
51	901	2	BG	tall grass	unclear	3	2	103631.674827	-3114323.499968	6	99	0	-1	15	39	5.37
52	902	2	BG	tall grass	chlorodoid	3	2	103704.7975	-3114278.948486	6	97	0	-1	20	44	5.35
53	903	1	BG	tall grass	panicoid	3	2	103757.237214	-3114249.081696	6	97	0	-1	15	39	5.8
54	904	1	patchy	patchy	unclear	3	2	103808.979985	-3114178.184244	6	97	0	-1	15	39	5.37
55	905	1	BG	tall grass	chlorodoid	1	2	103874.756754	-3114130.002421	6	98	0	-1	15	39	6.24
56	906	2	BG	tall grass	chlorodoid	2	2	103939.981129	-3114084.789046	6	99	0	-1	15	39	5.39
57	907	2	BG	tall grass	chlorodoid	3	0	103997.967304	-3114023.459773	6	99	0	-1	15	39	7.76
58	908	1	patchy	patchy	unclear	4	0	104039.135259	-3113956.632936	6	99	0	-1	15	39	7.76
59	909	2	BG	tall grass	andropodonoid	1	2	104115.811036	-3113928.168093	6	101	0	-1	15	39	5.44
60	910	2	BG	tall grass	andropodonoid	1	2	104176.878137	-3113876.379443	6	102	0	-1	15	39	5.42
61	911	2	BG	tall grass	chlorodoid	3	2	104229.48698	-3113827.490022	6	105	0	-1	15	39	6.47
62	912	2	BG	patchy	panicoid	3	2	104291.092522	-3113774.517593	6	104	0	-1	15	39	6.04
63	913	1	patchy	tall grass	unclear	4	2	104342.601394	-3113730.970124	6	105	0	-1	15	39	5.7
64	914	1	patchy	tall grass	unclear	4	2	104415.714821	-3113688.206365	5	110	0	-1	15	39	5.62
65	915	2	BG	tall grass	panicoid	4	2	104429.865669	-3113637.197734	5	107	0	-1	15	39	5.63
66	916	2	BG	tall grass	chlorodoid	4	2	104479.58108	-3113618.012315	5	109	0	-1	15	39	6.11
67	917	2	BG	tall grass	panicoid	3	2	104541.126346	-3113572.175224	6	113	0	-1	15	39	5.58
68	918	2	BG	tall grass	panicoid	3	2	104550.25827	-3113552.634597	6	119	0	-1	15	39	4.38
69	919	2	BG	tall grass	panicoid	3	9	104595.778562	-3113531.034609	6	119	0	-1	15	39	4.38
70	920	2	BG	tall grass	panicoid	3	9	104659.570716	-3113468.569979	6	135	0	225	20	50	5.47
71	921	2	BG	tall grass	andropodonoid	1	9	104714.800843	-3113422.678476	6	148	6	269	15	33	1.19
72	922	2	BG	tall grass	andropodonoid	3	9	104767.909654	-3113377.363115	6	159	12	271	15	30	0.44
73	923	2	BG	tall grass	andropodonoid	1	9	104790.730338	-3113359.726469	6	157	12	280	15	32	0.34
74	924	2	BG	tall grass	andropodonoid	1	9	104838.532415	-3113318.526773	6	165	14	279	15	30	-0.17
75	925	2	BG	tall grass	andropodonoid	1	9	104878.903518	-3113283.207585	6	180	15	275	15	29	-0.39
76	926	2	BG	tall grass	andropodonoid	1	9	104944.736631	-3113229.680857	6	190	12	284	10	24	-1.73
77	927	2	BG	tall grass	andropodonoid	1	9	104993.082539	-3113186.702751	6	196	11	303	10	23	-1.72
78	928	2	BG	tall grass	andropodonoid	1	9	105043.54235	-3113143.148913	7	196	12	323	15	25	-0.7
79	929	2	BG	tall grass	andropodonoid	1	9	105097.206909	-3113094.867014	7	200	12	324	15	25	-1.16
80	930	2	BG	tall grass	andropodonoid	1	9	105123.259195	-3113069.530135	7	190	13	325	15	24	-1.2
81	931	2	BG	tall grass	andropodonoid	1	9	105147.177058	-3113047.147321	7	197	12	333	5	14	-2.49
82	932	2	BG	tall grass	andropodonoid	3	9	105189.679296	-3113009.469602	7	186	13	335	5	13	-2.55
83	933	2	BG	tall grass	andropodonoid	1	9	105245.406247	-3112966.557606	7	178	13	339	15	33	-0.74
84	934	2	BG	tall grass	andropodonoid	3	9	105295.873165	-3112922.410318	7	172	13	327	15	34	-0.79
85	935	2	BG	tall grass	andropodonoid	3	9	105354.805447	-3112874.770488	7	185	10	333	5	15	-2.27
86	936	2	BG	tall grass	andropodonoid	3	9	105408.477723	-3112825.895346	7	179	10	350	10	18	-0.78
87	937	2	BG	tall grass	andropodonoid	4	9	105451.941265	-3112798.929207	7	169	12	2	15	21	-0.18
88	938	2	BG	tall grass	andropodonoid	4	9	105492.811519	-3112767.183717	7	157	12	2	15	21	0.06
89	939	2	BG	tall grass	andropodonoid	3	9	105509.883622	-3112744.146586	6	156	11	6	15	22	-0.45
90	940	2	BG	tall grass	andropodonoid	3	9	105534.319462	-3112722.958227	6	142	5	3	15	26	10.44
91	941	2	BG	tall grass	andropodonoid	3	9	105558.249302	-3112699.387147	6	143	5	354	15	24	10.47
92	942	2	BG	tall grass	andropodonoid	3	9	105581.620591	-3112679.378615	6	143	5	354	15	24	10.47
93	943	2	BG	tall grass	chlorodoid	3	9	105607.6748	-3112654.042747	6	139	1	323	15	31	11.29
94	944	2	BG	tall grass	chlorodoid	1	9	105635.816519	-3112631.103696	6	139	1	323	15	31	11.29
95	945	2	BG	tall grass	andropodonoid	1	9	105670.80548	-3112608.81982	6	136	0	315	15	35	4.96
96	946	2	BG	tall grass	andropodonoid	1	9	105704.344818	-3112571.65903	6	131	0	-1	15	39	5.91
97	947	2	BG	tall grass	andropodonoid	1	9	105730.947697	-3112543.950087	5	131	0	-1	15	39	5.91
98	948	2	BG	tall grass	andropodonoid	1	9	105758.051481	-3112519.21834	5	125	0	-1	15	39	6
99	949	2	BG	tall grass	andropodonoid	1	9	105778.229185	-3112502.749218	5	125	0	-1	15	39	6
